user_id,neighbor_id,duration_seconds,ideal_duration,privacy_score
P_1-2_1990,P_1-1-pt_7732,12.399999999999972,7199.0,1.0
P_1-2_1990,P_1-1-pt_5115,9.299999999999983,7199.0,1.0
P_1-3_2410,P_1-2_4634,45.20000000000037,7197.0,1.0
P_1-3_2410,P_1-3_4775,48.60000000000042,7197.0,1.0
P_1-3_2410,P_1-3_3253,30.30000000000016,7197.0,1.0
P_1-3_2410,P_1-3_2018,17.59999999999998,7197.0,1.0
P_1-3_2410,P_1-3_2633,14.999999999999963,7197.0,1.0
P_1-3_2410,P_1-2_5210,15.199999999999962,7197.0,1.0
P_1-3_2410,P_1-2_573,15.099999999999962,7197.0,1.0
P_1-3_2410,P_1-3_4954,30.100000000000158,7197.0,1.0
P_1-3_2410,P_1-3_4875,30.30000000000016,7197.0,1.0
P_1-3_2410,P_1-3_3410,14.899999999999963,7197.0,1.0
P_1-1-veh_105,P_1-1-pt_1108,37.90000000000027,7196.0,1.0
P_1-1-veh_105,P_1-1-pt_1226,5.1999999999999975,7196.0,1.0
P_1-1-veh_105,P_1-1-pt_1304,23.20000000000006,7196.0,1.0
P_1-1-veh_105,P_1-1-pt_8137,23.000000000000057,7196.0,1.0
P_1-3_2221,P_1-1-pt_3097,40.2000000000003,7190.0,1.0
P_1-3_2018,P_1-2_573,34.70000000000022,7169.0,1.0
P_1-3_2018,P_1-3_4954,45.400000000000375,7169.0,1.0
P_1-3_2018,P_1-2_4634,30.100000000000158,7169.0,1.0
P_1-3_2018,P_1-3_4775,30.000000000000156,7169.0,1.0
P_1-3_2018,P_1-3_2410,17.59999999999998,7169.0,1.0
P_1-3_2018,P_1-3_3253,30.20000000000016,7169.0,1.0
P_1-3_2018,P_1-3_2633,15.199999999999962,7169.0,1.0
P_1-3_2018,P_1-2_5210,17.999999999999986,7169.0,1.0
P_1-3_2018,P_1-3_4875,30.100000000000158,7169.0,1.0
P_1-3_2018,P_1-3_3410,15.59999999999996,7169.0,1.0
P_1-2_609,P_1-1-pt_498,12.399999999999972,7164.0,1.0
P_1-2_609,P_1-1-pt_2032,13.899999999999967,7164.0,1.0
P_1-2_609,P_1-2_5745,28.20000000000013,7164.0,1.0
P_1-2_609,P_1-2_4266,15.199999999999962,7164.0,1.0
P_1-2_609,P_1-1-pt_8735,13.699999999999967,7164.0,1.0
P_1-1-pt_5078,P_1-2_3280,12.399999999999972,7162.0,1.0
P_1-1-pt_5078,P_1-1-veh_234,19.1,7162.0,1.0
P_1-1-pt_5078,P_1-1-pt_7208,16.599999999999966,7162.0,1.0
P_1-1-pt_5078,P_1-1-pt_6538,14.699999999999964,7162.0,1.0
P_1-1-pt_5078,P_1-1-pt_4901,33.80000000000021,7162.0,1.0
P_1-1-pt_5078,P_1-1-pt_8682,14.799999999999963,7162.0,1.0
P_1-1-pt_5078,P_1-1-pt_7080,28.400000000000134,7162.0,1.0
P_1-2_4734,P_1-2_4206,61.3000000000006,7159.0,1.0
P_1-2_4734,P_1-3_1500,61.0000000000006,7159.0,1.0
P_1-2_4734,P_1-3_3901,61.0000000000006,7159.0,1.0
P_1-2_4734,P_1-2_1420,61.2000000000006,7159.0,1.0
P_1-2_4734,P_1-3_228,60.900000000000595,7159.0,1.0
P_1-2_4734,P_1-3_3776,61.1000000000006,7159.0,1.0
P_1-2_4734,P_2-1_2161,61.0000000000006,7159.0,1.0
P_1-2_4734,P_1-3_874,30.500000000000163,7159.0,1.0
P_1-2_4734,P_1-3_2454,30.600000000000165,7159.0,1.0
P_1-2_4734,P_1-3_3834,30.500000000000163,7159.0,1.0
P_1-2_4734,P_1-2_3280,30.600000000000165,7159.0,1.0
P_1-2_4734,P_1-3_3046,30.800000000000168,7159.0,1.0
P_1-2_4734,P_1-3_3457,30.600000000000165,7159.0,1.0
P_1-2_4734,P_1-3_4168,30.600000000000165,7159.0,1.0
P_1-2_4734,P_1-3_2053,30.800000000000168,7159.0,1.0
P_1-1-pt_8289,P_1-2_638,706.4000000000921,7155.0,1.0
P_1-1-pt_8289,P_1-2_5753,69.40000000000033,7155.0,1.0
P_1-1-pt_8289,P_1-1-veh_834,61.1000000000006,7155.0,1.0
P_1-1-pt_8289,P_1-1-veh_530,14.799999999999963,7155.0,1.0
P_1-1-pt_8289,P_1-3_743,27.40000000000012,7155.0,1.0
P_1-1-pt_8289,P_1-3_2599,13.799999999999967,7155.0,1.0
P_1-1-pt_8289,P_1-2_5745,13.699999999999967,7155.0,1.0
P_1-1-pt_8289,P_1-1-pt_8735,15.199999999999962,7155.0,1.0
P_1-1-pt_8289,P_1-2_4266,12.99999999999997,7155.0,1.0
P_1-1-pt_8289,P_1-3_3076,13.799999999999967,7155.0,1.0
P_1-1-pt_8289,P_1-1-pt_182,15.099999999999962,7155.0,1.0
P_1-1-pt_8289,P_1-3_4289,13.799999999999967,7155.0,1.0
P_1-2_638,P_1-1-pt_8289,706.4000000000921,7148.0,1.0
P_1-2_638,P_1-1-pt_8184,38.300000000000274,7148.0,1.0
P_1-3_2454,P_1-2_4206,30.600000000000165,7144.0,1.0
P_1-3_2454,P_1-3_1500,30.30000000000016,7144.0,1.0
P_1-3_2454,P_1-3_3901,30.400000000000162,7144.0,1.0
P_1-3_2454,P_1-2_1420,30.400000000000162,7144.0,1.0
P_1-3_2454,P_1-3_228,30.400000000000162,7144.0,1.0
P_1-3_2454,P_1-3_3776,30.500000000000163,7144.0,1.0
P_1-3_2454,P_2-1_2161,30.400000000000162,7144.0,1.0
P_1-3_2454,P_1-3_874,15.199999999999962,7144.0,1.0
P_1-3_2454,P_1-2_4734,30.600000000000165,7144.0,1.0
P_1-3_2454,P_1-3_3834,15.199999999999962,7144.0,1.0
P_1-3_2454,P_1-2_3280,15.299999999999962,7144.0,1.0
P_1-3_2454,P_1-3_3046,15.199999999999962,7144.0,1.0
P_1-3_2454,P_1-3_3457,15.299999999999962,7144.0,1.0
P_1-3_2454,P_1-3_4168,15.199999999999962,7144.0,1.0
P_1-3_2454,P_1-3_2053,15.199999999999962,7144.0,1.0
P_1-3_2454,P_1-2_5951,15.199999999999962,7144.0,1.0
P_1-3_2454,P_1-3_4690,15.299999999999962,7144.0,1.0
P_1-2_3821,P_1-2_2580,200.79999999999288,7142.0,0.6205544665359843
P_1-2_3821,P_1-3_4738,200.1999999999929,7142.0,0.6205544665359843
P_1-2_3821,P_1-2_5752,184.19999999999382,7142.0,0.6205544665359843
P_1-2_3821,P_1-2_3464,184.7999999999938,7142.0,0.6205544665359843
P_1-2_3821,P_1-2_2797,206.79999999999254,7142.0,0.6205544665359843
P_1-2_3821,P_1-1-veh_837,169.59999999999465,7142.0,0.6205544665359843
P_1-2_3821,P_2-1_2028,95.09999999999887,7142.0,0.6205544665359843
P_1-2_4454,P_1-1-pt_7938,12.79999999999997,7131.0,1.0
P_1-2_4454,P_1-1-pt_3931,12.99999999999997,7131.0,1.0
P_1-2_4454,P_1-1-pt_3353,13.999999999999966,7131.0,1.0
P_1-1-pt_2770,P_1-1-pt_7938,15.499999999999961,7127.0,1.0
P_1-1-pt_2770,P_1-1-pt_3931,14.999999999999963,7127.0,1.0
P_1-1-pt_2770,P_1-1-pt_3353,15.69999999999996,7127.0,1.0
P_1-1-pt_5139,P_1-2_250,11.399999999999975,7125.0,1.0
P_1-1-pt_5139,P_1-3_2786,7.29999999999999,7125.0,1.0
P_1-1-pt_5139,P_1-3_5475,12.299999999999972,7125.0,1.0
P_1-1-pt_5139,P_1-1-pt_7440,19.60000000000001,7125.0,1.0
P_1-1-pt_5139,P_1-3_1945,27.300000000000118,7125.0,1.0
P_1-1-pt_5139,P_1-2_3702,20.50000000000002,7125.0,1.0
P_1-1-pt_5139,P_1-2_848,12.399999999999972,7125.0,1.0
P_1-1-pt_5139,P_1-3_1027,24.60000000000008,7125.0,1.0
P_1-1-pt_5139,P_1-1-pt_2431,15.69999999999996,7125.0,1.0
P_1-1-pt_255,P_1-1-pt_1560,16.499999999999964,7122.0,1.0
P_1-1-pt_255,P_1-1-pt_2606,16.599999999999966,7122.0,1.0
P_1-1-pt_255,P_1-1-pt_1966,16.399999999999963,7122.0,1.0
P_1-1-pt_255,P_1-1-pt_5906,16.499999999999964,7122.0,1.0
P_1-1-pt_255,P_1-1-pt_1238,16.79999999999997,7122.0,1.0
P_1-1-pt_255,P_1-1-pt_3916,16.599999999999966,7122.0,1.0
P_1-1-pt_255,P_1-1-pt_1226,16.79999999999997,7122.0,1.0
P_1-1-pt_255,P_1-1-pt_3409,15.299999999999962,7122.0,1.0
P_1-1-pt_255,P_1-1-pt_3624,15.59999999999996,7122.0,1.0
P_1-1-pt_255,P_1-1-pt_3097,16.599999999999966,7122.0,1.0
P_1-1-pt_255,P_1-1-pt_761,16.499999999999964,7122.0,1.0
P_1-3_3834,P_1-3_3046,15.299999999999962,7122.0,1.0
P_1-3_3834,P_1-3_3457,15.199999999999962,7122.0,1.0
P_1-3_3834,P_1-1-pt_2606,12.299999999999972,7122.0,1.0
P_1-3_3834,P_1-3_3776,45.70000000000038,7122.0,1.0
P_1-3_3834,P_2-1_2161,30.400000000000162,7122.0,1.0
P_1-3_3834,P_1-3_874,30.30000000000016,7122.0,1.0
P_1-3_3834,P_1-2_4734,30.500000000000163,7122.0,1.0
P_1-3_3834,P_1-3_2454,15.199999999999962,7122.0,1.0
P_1-3_3834,P_1-2_4206,30.600000000000165,7122.0,1.0
P_1-3_3834,P_1-3_1500,30.400000000000162,7122.0,1.0
P_1-3_3834,P_1-3_3901,30.400000000000162,7122.0,1.0
P_1-3_3834,P_1-2_1420,30.400000000000162,7122.0,1.0
P_1-3_3834,P_1-3_228,30.400000000000162,7122.0,1.0
P_1-3_3834,P_1-2_3280,15.199999999999962,7122.0,1.0
P_1-3_3834,P_1-3_4168,15.299999999999962,7122.0,1.0
P_1-3_3834,P_1-3_2053,15.199999999999962,7122.0,1.0
P_1-2_4327,P_1-2_3716,30.400000000000162,7115.0,1.0
P_1-2_1559,P_1-2_1017,15.59999999999996,7108.0,1.0
P_1-2_1559,P_1-2_671,56.50000000000053,7108.0,1.0
P_1-3_2180,P_1-2_3378,22.50000000000005,7091.0,1.0
P_1-3_2180,P_1-2_3077,21.90000000000004,7091.0,1.0
P_1-3_2180,P_1-3_2076,308.00000000000153,7091.0,1.0
P_1-3_2180,P_1-2_5020,11.399999999999975,7091.0,1.0
P_1-3_2180,P_1-1-pt_4785,13.799999999999967,7091.0,1.0
P_1-3_2180,P_2-1_3664,15.79999999999996,7091.0,1.0
P_1-3_2180,P_2-1_3058,15.69999999999996,7091.0,1.0
P_1-3_2180,P_1-2_5092,11.299999999999976,7091.0,1.0
P_1-3_2180,P_1-3_5354,15.199999999999962,7091.0,1.0
P_1-2_3488,P_1-2_2237,27.700000000000124,7089.0,1.0
P_1-2_3488,P_1-1-pt_2129,27.40000000000012,7089.0,1.0
P_1-2_3488,P_1-1-pt_1039,27.300000000000118,7089.0,1.0
P_1-2_3488,P_1-1-pt_5275,27.40000000000012,7089.0,1.0
P_1-2_3488,P_1-1-pt_1700,27.300000000000118,7089.0,1.0
P_1-2_3488,P_1-3_17,9.499999999999982,7089.0,1.0
P_1-3_3046,P_1-3_3457,27.50000000000012,7087.0,1.0
P_1-3_3046,P_1-3_3834,15.299999999999962,7087.0,1.0
P_1-3_3046,P_1-1-pt_4966,12.599999999999971,7087.0,1.0
P_1-3_3046,P_1-2_4734,30.800000000000168,7087.0,1.0
P_1-3_3046,P_1-3_2454,15.199999999999962,7087.0,1.0
P_1-3_3046,P_1-2_4206,30.600000000000165,7087.0,1.0
P_1-3_3046,P_1-3_1500,30.500000000000163,7087.0,1.0
P_1-3_3046,P_1-3_3901,30.400000000000162,7087.0,1.0
P_1-3_3046,P_1-2_1420,15.299999999999962,7087.0,1.0
P_1-3_3046,P_1-3_228,15.299999999999962,7087.0,1.0
P_1-3_3046,P_1-3_3776,15.299999999999962,7087.0,1.0
P_1-3_3046,P_2-1_2161,15.299999999999962,7087.0,1.0
P_1-3_3046,P_1-2_3280,15.299999999999962,7087.0,1.0
P_1-3_3046,P_1-3_4168,15.299999999999962,7087.0,1.0
P_1-3_3046,P_1-3_2053,15.199999999999962,7087.0,1.0
P_1-1-pt_530,P_1-1-pt_761,17.69999999999998,7080.0,1.0
P_1-1-pt_530,P_1-1-pt_6297,20.30000000000002,7080.0,1.0
P_1-1-pt_3629,P_1-2_4771,55.80000000000052,7078.0,1.0
P_1-1-pt_3629,P_1-1-pt_1714,30.90000000000017,7078.0,1.0
P_1-1-pt_3629,P_1-2_2287,27.900000000000126,7078.0,1.0
P_1-1-pt_3629,P_1-3_1785,28.000000000000128,7078.0,1.0
P_1-1-pt_3629,P_1-2_3081,28.20000000000013,7078.0,1.0
P_1-2_4634,P_1-3_4775,63.20000000000063,7076.0,1.0
P_1-2_4634,P_1-3_2410,45.20000000000037,7076.0,1.0
P_1-2_4634,P_1-3_3253,60.100000000000584,7076.0,1.0
P_1-2_4634,P_1-3_2018,30.100000000000158,7076.0,1.0
P_1-2_4634,P_1-3_2633,45.10000000000037,7076.0,1.0
P_1-2_4634,P_1-2_5210,30.100000000000158,7076.0,1.0
P_1-2_4634,P_1-2_573,38.90000000000028,7076.0,1.0
P_1-2_4634,P_1-3_4954,31.70000000000018,7076.0,1.0
P_1-2_4634,P_1-3_4875,93.99999999999893,7076.0,1.0
P_1-2_4634,P_1-3_3410,90.79999999999912,7076.0,1.0
P_1-2_4609,P_1-1-pt_3931,24.300000000000075,7075.0,1.0
P_1-2_4609,P_2-1_5067,27.100000000000115,7075.0,1.0
P_1-2_4609,P_1-1-pt_3353,12.099999999999973,7075.0,1.0
P_1-2_2580,P_1-2_3821,200.79999999999288,7070.0,0.7734087694483734
P_1-2_2580,P_1-3_4738,200.1999999999929,7070.0,0.7734087694483734
P_1-2_2580,P_1-2_5752,185.99999999999372,7070.0,0.7734087694483734
P_1-2_2580,P_1-2_3464,184.7999999999938,7070.0,0.7734087694483734
P_1-2_2580,P_1-2_2797,220.89999999999173,7070.0,0.7734087694483734
P_1-2_2580,P_1-1-veh_837,169.59999999999465,7070.0,0.7734087694483734
P_1-2_2580,P_2-1_2028,92.69999999999901,7070.0,0.7734087694483734
P_1-2_1285,P_1-1-pt_841,21.80000000000004,7062.0,1.0
P_1-2_1285,P_1-1-pt_2425,2552.699999998774,7062.0,1.0
P_1-2_1285,P_1-1-pt_1601,12.399999999999972,7062.0,1.0
P_1-1-pt_6355,P_1-1-pt_5167,16.499999999999964,7060.0,1.0
P_1-1-pt_6355,P_1-1-pt_1747,16.499999999999964,7060.0,1.0
P_1-1-pt_6355,P_1-1-pt_1601,13.199999999999969,7060.0,1.0
P_1-1-pt_6355,P_1-1-pt_7938,14.099999999999966,7060.0,1.0
P_1-1-pt_6355,P_1-1-pt_3931,15.59999999999996,7060.0,1.0
P_1-1-pt_6355,P_1-1-pt_3353,16.29999999999996,7060.0,1.0
P_1-1-pt_1669,P_1-2_1494,12.299999999999972,7057.0,0.9617401161966841
P_1-1-pt_1669,P_1-1-pt_6381,14.799999999999963,7057.0,0.9617401161966841
P_1-1-pt_5167,P_1-1-pt_6355,16.499999999999964,7055.0,0.8134656272147414
P_1-1-pt_5167,P_1-1-pt_1747,377.50000000001734,7055.0,0.8134656272147414
P_1-1-pt_5167,P_1-1-pt_3858,85.6999999999994,7055.0,0.8134656272147414
P_1-1-pt_5167,P_1-1-pt_521,682.2000000000866,7055.0,0.8134656272147414
P_1-1-pt_5167,P_1-1-pt_6974,225.29999999999148,7055.0,0.8134656272147414
P_1-1-pt_5167,P_1-1-pt_3671,352.00000000001154,7055.0,0.8134656272147414
P_1-1-pt_5167,P_1-1-pt_4262,17.59999999999998,7055.0,0.8134656272147414
P_1-1-pt_5167,P_1-1-pt_98,175.19999999999433,7055.0,0.8134656272147414
P_1-1-pt_5167,P_1-1-pt_3207,85.19999999999943,7055.0,0.8134656272147414
P_1-1-pt_5167,P_1-1-pt_1497,173.8999999999944,7055.0,0.8134656272147414
P_1-1-pt_5167,P_1-1-pt_6743,46.700000000000394,7055.0,0.8134656272147414
P_1-1-pt_5167,P_1-1-pt_4736,50.90000000000045,7055.0,0.8134656272147414
P_1-1-pt_5167,P_1-1-pt_2880,48.80000000000042,7055.0,0.8134656272147414
P_1-1-pt_5167,P_1-1-pt_2920,16.29999999999996,7055.0,0.8134656272147414
P_1-1-pt_5167,P_1-2_4940,9.599999999999982,7055.0,0.8134656272147414
P_1-1-pt_5167,P_1-1-pt_7573,17.59999999999998,7055.0,0.8134656272147414
P_1-1-pt_5167,P_1-1-veh_767,12.599999999999971,7055.0,0.8134656272147414
P_1-1-pt_5167,P_1-1-pt_2013,92.29999999999903,7055.0,0.8134656272147414
P_1-3_4492,P_1-1-pt_1601,13.799999999999967,7054.0,1.0
P_1-1-pt_1006,P_1-1-pt_8969,15.199999999999962,7050.0,1.0
P_1-1-pt_1006,P_1-3_5475,19.80000000000001,7050.0,1.0
P_1-1-pt_1006,P_1-1-pt_2431,15.199999999999962,7050.0,1.0
P_1-1-pt_1006,P_1-2_848,26.600000000000108,7050.0,1.0
P_1-1-pt_1006,P_1-2_3702,27.000000000000114,7050.0,1.0
P_1-2_2287,P_1-2_4771,30.800000000000168,7050.0,1.0
P_1-2_2287,P_1-1-pt_1714,14.699999999999964,7050.0,1.0
P_1-2_2287,P_1-1-pt_3629,27.900000000000126,7050.0,1.0
P_1-2_2287,P_1-3_1785,15.199999999999962,7050.0,1.0
P_1-2_2287,P_1-2_3081,15.199999999999962,7050.0,1.0
P_1-2_2287,P_1-2_5951,15.199999999999962,7050.0,1.0
P_1-2_2287,P_1-3_4690,15.499999999999961,7050.0,1.0
P_1-2_3214,P_1-1-pt_3931,27.40000000000012,7047.0,1.0
P_1-2_3214,P_1-2_5020,14.099999999999966,7047.0,1.0
P_1-2_4270,P_1-1-pt_498,12.599999999999971,7037.0,1.0
P_1-2_1612,P_2-1_63,2.9000000000000012,7035.0,1.0
P_1-2_1612,P_1-1-pt_6743,9.599999999999982,7035.0,1.0
P_1-2_1612,P_1-1-pt_3858,19.400000000000006,7035.0,1.0
P_1-2_1612,P_1-1-pt_4879,6.299999999999994,7035.0,1.0
P_1-2_1612,P_1-1-pt_6413,15.499999999999961,7035.0,1.0
P_1-2_1612,P_1-1-pt_494,15.199999999999962,7035.0,1.0
P_1-2_1612,P_1-1-pt_2162,15.199999999999962,7035.0,1.0
P_1-2_1612,P_1-1-pt_1473,14.599999999999964,7035.0,1.0
P_1-2_3693,P_1-2_2034,2.700000000000001,7023.0,1.0
P_1-2_3693,P_1-2_2512,2.9000000000000012,7023.0,1.0
P_1-2_3693,P_1-2_2613,2.9000000000000012,7023.0,1.0
P_1-2_3693,P_1-2_5210,15.099999999999962,7023.0,1.0
P_1-2_3693,P_1-2_573,15.499999999999961,7023.0,1.0
P_1-2_3693,P_1-3_4954,14.899999999999963,7023.0,1.0
P_1-2_3693,P_1-2_1017,15.099999999999962,7023.0,1.0
P_1-2_3693,P_1-1-pt_5241,11.699999999999974,7023.0,1.0
P_1-2_3693,P_1-2_568,18.699999999999996,7023.0,1.0
P_1-2_3693,P_1-1-pt_2952,25.30000000000009,7023.0,1.0
P_1-2_3693,P_1-1-veh_5,26.900000000000112,7023.0,1.0
P_1-3_5578,P_1-1-pt_8068,13.399999999999968,7019.0,1.0
P_1-3_5578,P_1-2_4791,14.199999999999966,7019.0,1.0
P_1-3_5578,P_1-2_1533,14.099999999999966,7019.0,1.0
P_1-3_5578,P_1-3_635,15.59999999999996,7019.0,1.0
P_2-1_63,P_1-2_1612,2.9000000000000012,7014.0,1.0
P_2-1_63,P_1-1-pt_6743,9.599999999999982,7014.0,1.0
P_2-1_63,P_1-1-pt_4879,21.20000000000003,7014.0,1.0
P_2-1_63,P_1-1-pt_6413,15.59999999999996,7014.0,1.0
P_2-1_63,P_1-1-pt_494,15.299999999999962,7014.0,1.0
P_2-1_63,P_1-1-pt_2162,14.899999999999963,7014.0,1.0
P_2-1_5435,P_2-1_4331,239.1999999999907,7013.0,0.9580778554113789
P_2-1_5435,P_1-2_2229,239.69999999999067,7013.0,0.9580778554113789
P_2-1_5435,P_1-2_2030,223.59999999999158,7013.0,0.9580778554113789
P_2-1_5435,P_2-1_3376,224.8999999999915,7013.0,0.9580778554113789
P_2-1_5435,P_2-1_6256,222.09999999999167,7013.0,0.9580778554113789
P_2-1_5435,P_1-2_3908,224.49999999999153,7013.0,0.9580778554113789
P_2-1_5435,P_1-2_4607,209.1999999999924,7013.0,0.9580778554113789
P_2-1_5435,P_1-1-pt_7104,175.7999999999943,7013.0,0.9580778554113789
P_2-1_5435,P_1-2_4886,208.59999999999243,7013.0,0.9580778554113789
P_1-1-pt_7040,P_1-1-pt_7123,1599.5999999996407,7007.0,1.0
P_1-1-pt_7915,P_1-1-pt_6974,520.0000000000497,7007.0,1.0
P_1-1-pt_7915,P_1-1-pt_3858,47.2000000000004,7007.0,1.0
P_1-1-pt_7915,P_1-1-pt_3671,10.799999999999978,7007.0,1.0
P_1-1-pt_7915,P_1-1-pt_521,19.300000000000004,7007.0,1.0
P_1-1-pt_7915,P_1-1-pt_98,280.4999999999953,7007.0,1.0
P_1-1-pt_7915,P_1-1-pt_5999,14.299999999999965,7007.0,1.0
P_1-1-pt_7123,P_1-1-pt_7040,1599.5999999996407,7004.0,1.0
P_1-2_5943,P_1-1-pt_4645,788.1000000001106,7000.0,1.0
P_1-3_5334,P_1-1-pt_5115,9.399999999999983,6995.0,0.9538241601143674
P_1-3_5334,P_1-2_3413,26.1000000000001,6995.0,0.9538241601143674
P_1-1-pt_1747,P_1-1-pt_6355,16.499999999999964,6993.0,0.9758329758329758
P_1-1-pt_1747,P_1-1-pt_5167,377.50000000001734,6993.0,0.9758329758329758
P_1-1-pt_1747,P_1-1-pt_3858,540.2000000000543,6993.0,0.9758329758329758
P_1-1-pt_1747,P_1-1-pt_521,85.8999999999994,6993.0,0.9758329758329758
P_1-1-pt_1747,P_1-1-pt_3671,329.10000000000633,6993.0,0.9758329758329758
P_1-1-pt_1747,P_1-1-pt_4262,16.19999999999996,6993.0,0.9758329758329758
P_1-1-pt_1747,P_1-1-pt_98,173.29999999999444,6993.0,0.9758329758329758
P_1-1-pt_1747,P_1-1-pt_3207,82.3999999999996,6993.0,0.9758329758329758
P_1-1-pt_1747,P_1-1-pt_6974,387.30000000001957,6993.0,0.9758329758329758
P_1-1-pt_1747,P_1-1-pt_1497,95.79999999999883,6993.0,0.9758329758329758
P_1-1-pt_1747,P_1-1-pt_6743,34.30000000000022,6993.0,0.9758329758329758
P_1-1-pt_1747,P_1-1-pt_4736,51.40000000000046,6993.0,0.9758329758329758
P_1-1-pt_1747,P_1-1-pt_2880,49.30000000000043,6993.0,0.9758329758329758
P_1-1-pt_1747,P_1-1-pt_2920,16.29999999999996,6993.0,0.9758329758329758
P_1-1-pt_1747,P_1-2_4940,4.100000000000001,6993.0,0.9758329758329758
P_1-1-pt_1747,P_1-1-pt_7573,16.99999999999997,6993.0,0.9758329758329758
P_1-1-pt_1747,P_1-1-veh_767,12.89999999999997,6993.0,0.9758329758329758
P_1-1-pt_1747,P_1-1-pt_2013,15.69999999999996,6993.0,0.9758329758329758
P_2-1_5419,P_1-1-pt_1329,9.399999999999983,6991.0,1.0
P_2-1_5419,P_1-1-pt_3489,9.399999999999983,6991.0,1.0
P_2-1_5419,P_1-1-pt_4879,15.299999999999962,6991.0,1.0
P_2-1_5419,P_1-1-pt_3858,15.199999999999962,6991.0,1.0
P_2-1_5419,P_1-2_250,39.30000000000029,6991.0,1.0
P_2-1_5419,P_1-1-pt_2162,12.79999999999997,6991.0,1.0
P_2-1_5419,P_1-1-pt_6413,170.3999999999946,6991.0,1.0
P_2-1_5419,P_1-1-pt_3409,24.400000000000077,6991.0,1.0
P_1-2_3608,P_1-3_743,7.899999999999988,6988.0,1.0
P_1-2_3608,P_1-1-pt_1173,27.700000000000124,6988.0,1.0
P_1-2_5092,P_1-3_4587,11.399999999999975,6986.0,0.9826796450042943
P_1-2_5092,P_1-3_2076,22.60000000000005,6986.0,0.9826796450042943
P_1-2_5092,P_1-2_5020,15.199999999999962,6986.0,0.9826796450042943
P_1-2_5092,P_1-2_3378,30.500000000000163,6986.0,0.9826796450042943
P_1-2_5092,P_1-2_3077,30.30000000000016,6986.0,0.9826796450042943
P_1-2_5092,P_1-3_5354,11.399999999999975,6986.0,0.9826796450042943
P_1-2_5092,P_1-3_2180,11.299999999999976,6986.0,0.9826796450042943
P_1-1-pt_7440,P_1-2_4249,659.8000000000815,6984.0,1.0
P_1-1-pt_7440,P_1-1-pt_6673,15.399999999999961,6984.0,1.0
P_1-1-pt_7440,P_1-1-pt_5139,19.60000000000001,6984.0,1.0
P_1-1-pt_7440,P_1-1-pt_4380,15.199999999999962,6984.0,1.0
P_1-1-pt_841,P_1-2_1285,21.80000000000004,6978.0,1.0
P_1-1-pt_841,P_2-1_842,12.299999999999972,6978.0,1.0
P_1-1-pt_841,P_1-3_1140,27.100000000000115,6978.0,1.0
P_1-1-pt_841,P_1-2_4955,7.499999999999989,6978.0,1.0
P_1-1-pt_841,P_1-2_2061,15.89999999999996,6978.0,1.0
P_1-1-pt_841,P_1-1-pt_8085,1682.799999999565,6978.0,1.0
P_1-1-pt_8982,P_1-1-pt_3931,15.499999999999961,6952.0,1.0
P_1-1-pt_8982,P_1-1-pt_3353,15.59999999999996,6952.0,1.0
P_1-2_2512,P_1-2_3693,2.9000000000000012,6947.0,0.9309054268029365
P_1-2_2512,P_1-1-pt_4595,29.200000000000145,6947.0,0.9309054268029365
P_1-2_4206,P_1-2_4734,61.3000000000006,6944.0,1.0
P_1-2_4206,P_1-3_1500,61.3000000000006,6944.0,1.0
P_1-2_4206,P_1-3_3901,60.900000000000595,6944.0,1.0
P_1-2_4206,P_1-2_1420,61.2000000000006,6944.0,1.0
P_1-2_4206,P_1-3_228,61.0000000000006,6944.0,1.0
P_1-2_4206,P_1-3_3776,61.2000000000006,6944.0,1.0
P_1-2_4206,P_2-1_2161,61.2000000000006,6944.0,1.0
P_1-2_4206,P_1-3_874,30.400000000000162,6944.0,1.0
P_1-2_4206,P_1-3_2454,30.600000000000165,6944.0,1.0
P_1-2_4206,P_1-3_3834,30.600000000000165,6944.0,1.0
P_1-2_4206,P_1-2_3280,30.600000000000165,6944.0,1.0
P_1-2_4206,P_1-3_3046,30.600000000000165,6944.0,1.0
P_1-2_4206,P_1-3_3457,30.600000000000165,6944.0,1.0
P_1-2_4206,P_1-3_4168,15.299999999999962,6944.0,1.0
P_1-2_4206,P_1-3_2053,15.199999999999962,6944.0,1.0
P_1-2_5640,P_1-3_4875,15.199999999999962,6943.0,1.0
P_1-2_5640,P_1-2_568,22.60000000000005,6943.0,1.0
P_1-2_5640,P_1-1-pt_2952,22.40000000000005,6943.0,1.0
P_1-2_5640,P_1-1-veh_5,15.499999999999961,6943.0,1.0
P_1-2_5640,P_1-2_1066,116.79999999999764,6943.0,1.0
P_1-2_5640,P_1-2_3835,220.79999999999174,6943.0,1.0
P_1-1-pt_5392,P_1-2_2702,22.200000000000045,6937.0,1.0
P_1-1-pt_5392,P_1-1-pt_1138,29.50000000000015,6937.0,1.0
P_1-1-pt_5392,P_1-1-pt_8762,29.50000000000015,6937.0,1.0
P_1-2_2564,P_1-2_1017,11.299999999999976,6935.0,1.0
P_1-1-pt_2342,P_1-3_5020,12.399999999999972,6929.0,1.0
P_1-1-pt_2342,P_2-1_2987,9.499999999999982,6929.0,1.0
P_1-1-pt_2342,P_1-2_4715,166.39999999999483,6929.0,1.0
P_1-1-pt_8545,P_1-2_3575,379.9000000000179,6923.0,1.0
P_1-1-pt_8545,P_1-2_3052,9.299999999999983,6923.0,1.0
P_1-1-pt_8545,P_1-3_1737,8.299999999999986,6923.0,1.0
P_1-1-pt_8545,P_1-1-pt_2606,15.399999999999961,6923.0,1.0
P_1-1-pt_8545,P_1-1-pt_1238,16.599999999999966,6923.0,1.0
P_1-1-pt_8545,P_1-1-pt_3916,16.499999999999964,6923.0,1.0
P_1-1-pt_8545,P_1-1-pt_1226,16.29999999999996,6923.0,1.0
P_1-1-pt_8545,P_1-1-pt_3624,15.59999999999996,6923.0,1.0
P_1-1-pt_8545,P_1-1-veh_792,11.699999999999974,6923.0,1.0
P_1-1-pt_8545,P_1-1-pt_6453,15.59999999999996,6923.0,1.0
P_1-1-pt_8545,P_1-1-pt_5193,1854.299999999409,6923.0,1.0
P_1-2_4955,P_2-1_4930,50.90000000000045,6920.0,1.0
P_1-2_4955,P_1-1-pt_841,7.499999999999989,6920.0,1.0
P_1-2_4955,P_1-1-pt_8085,6.799999999999992,6920.0,1.0
P_2-1_5001,P_2-1_3601,62.200000000000614,6915.0,1.0
P_2-1_5001,P_2-1_2486,62.200000000000614,6915.0,1.0
P_2-1_4331,P_2-1_5435,239.1999999999907,6910.0,0.961794500723589
P_2-1_4331,P_1-2_2229,224.59999999999152,6910.0,0.961794500723589
P_2-1_4331,P_1-2_2030,223.99999999999156,6910.0,0.961794500723589
P_2-1_4331,P_2-1_3376,224.39999999999154,6910.0,0.961794500723589
P_2-1_4331,P_2-1_6256,223.99999999999156,6910.0,0.961794500723589
P_2-1_4331,P_1-2_3908,224.49999999999153,6910.0,0.961794500723589
P_2-1_4331,P_1-1-pt_7104,176.89999999999424,6910.0,0.961794500723589
P_2-1_4331,P_1-2_4886,194.69999999999322,6910.0,0.961794500723589
P_2-1_4331,P_1-2_4607,1051.5000000001392,6910.0,0.961794500723589
P_1-2_5753,P_1-1-pt_8289,69.40000000000033,6898.0,1.0
P_1-2_5753,P_1-1-pt_8184,1.7000000000000004,6898.0,1.0
P_1-2_5753,P_1-1-veh_834,64.20000000000063,6898.0,1.0
P_1-2_5753,P_1-1-veh_530,16.499999999999964,6898.0,1.0
P_1-2_5753,P_1-3_2599,15.199999999999962,6898.0,1.0
P_1-2_5753,P_1-2_5745,15.199999999999962,6898.0,1.0
P_1-2_5753,P_1-1-pt_8735,13.699999999999967,6898.0,1.0
P_1-2_5753,P_1-2_4266,15.099999999999962,6898.0,1.0
P_1-2_5753,P_1-3_3076,15.099999999999962,6898.0,1.0
P_1-2_5753,P_1-1-pt_182,13.799999999999967,6898.0,1.0
P_1-2_5753,P_1-3_4289,15.099999999999962,6898.0,1.0
P_1-2_5753,P_1-3_743,15.099999999999962,6898.0,1.0
P_1-1-veh_767,P_1-1-pt_5199,21.80000000000004,6894.0,1.0
P_1-1-veh_767,P_1-1-pt_5666,13.899999999999967,6894.0,1.0
P_1-1-veh_767,P_1-1-pt_2880,13.699999999999967,6894.0,1.0
P_1-1-veh_767,P_1-1-pt_6743,13.699999999999967,6894.0,1.0
P_1-1-veh_767,P_1-1-pt_8280,12.099999999999973,6894.0,1.0
P_1-1-veh_767,P_1-1-pt_3207,109.79999999999804,6894.0,1.0
P_1-1-veh_767,P_1-1-pt_521,12.199999999999973,6894.0,1.0
P_1-1-veh_767,P_1-1-pt_5167,12.599999999999971,6894.0,1.0
P_1-1-veh_767,P_1-1-pt_1747,12.89999999999997,6894.0,1.0
P_1-1-veh_767,P_1-1-pt_3671,9.89999999999998,6894.0,1.0
P_1-2_4853,P_2-1_1463,15.499999999999961,6891.0,1.0
P_1-2_4853,P_2-1_4788,21.90000000000004,6891.0,1.0
P_1-2_4853,P_2-1_499,15.199999999999962,6891.0,1.0
P_1-2_4853,P_2-1_804,15.199999999999962,6891.0,1.0
P_1-2_4853,P_2-1_213,15.199999999999962,6891.0,1.0
P_1-3_1785,P_1-1-pt_1714,13.799999999999967,6891.0,1.0
P_1-3_1785,P_1-2_2287,15.199999999999962,6891.0,1.0
P_1-3_1785,P_1-2_4771,30.600000000000165,6891.0,1.0
P_1-3_1785,P_1-1-pt_3629,28.000000000000128,6891.0,1.0
P_1-3_1785,P_1-2_3081,15.199999999999962,6891.0,1.0
P_1-3_1785,P_1-2_5951,15.299999999999962,6891.0,1.0
P_1-3_2323,P_1-1-pt_6779,14.099999999999966,6890.0,1.0
P_1-3_2323,P_1-1-pt_7760,9.599999999999982,6890.0,1.0
P_1-3_2323,P_1-1-pt_7142,18.799999999999997,6890.0,1.0
P_2-1_4127,P_1-3_3759,22.300000000000047,6875.0,1.0
P_1-2_3575,P_1-1-pt_8545,379.9000000000179,6873.0,0.7286483340608176
P_1-2_3575,P_1-3_2985,14.299999999999965,6873.0,0.7286483340608176
P_1-3_528,P_1-1-pt_2606,166.19999999999484,6873.0,1.0
P_1-3_528,P_1-1-pt_6273,17.69999999999998,6873.0,1.0
P_1-3_528,P_1-3_403,26.1000000000001,6873.0,1.0
P_1-3_528,P_1-3_3759,27.100000000000115,6873.0,1.0
P_1-3_528,P_1-1-pt_7142,18.9,6873.0,1.0
P_1-3_3759,P_1-3_528,27.100000000000115,6872.0,1.0
P_1-3_3759,P_2-1_4127,22.300000000000047,6872.0,1.0
P_1-2_3386,P_1-3_2985,11.399999999999975,6871.0,1.0
P_1-2_3280,P_1-1-pt_5078,12.399999999999972,6864.0,1.0
P_1-2_3280,P_1-2_4734,30.600000000000165,6864.0,1.0
P_1-2_3280,P_1-3_2454,15.299999999999962,6864.0,1.0
P_1-2_3280,P_1-2_4206,30.600000000000165,6864.0,1.0
P_1-2_3280,P_1-3_1500,30.400000000000162,6864.0,1.0
P_1-2_3280,P_1-3_3901,30.500000000000163,6864.0,1.0
P_1-2_3280,P_1-2_1420,15.299999999999962,6864.0,1.0
P_1-2_3280,P_1-3_228,15.299999999999962,6864.0,1.0
P_1-2_3280,P_1-3_3834,15.199999999999962,6864.0,1.0
P_1-2_3280,P_1-3_3776,15.299999999999962,6864.0,1.0
P_1-2_3280,P_2-1_2161,15.399999999999961,6864.0,1.0
P_1-2_3280,P_1-3_3046,15.299999999999962,6864.0,1.0
P_1-2_3280,P_1-3_3457,15.299999999999962,6864.0,1.0
P_1-2_3280,P_1-3_4168,15.299999999999962,6864.0,1.0
P_1-2_3280,P_1-3_2053,15.299999999999962,6864.0,1.0
P_1-2_593,P_1-1-pt_4645,76.69999999999992,6862.0,1.0
P_1-2_593,P_1-1-pt_5481,17.49999999999998,6862.0,1.0
P_1-1-pt_4996,P_1-1-veh_610,12.399999999999972,6860.0,1.0
P_1-1-pt_4996,P_1-1-pt_761,32.50000000000019,6860.0,1.0
P_1-1-pt_4996,P_1-1-pt_3097,32.000000000000185,6860.0,1.0
P_1-1-pt_4996,P_1-1-pt_2834,44.40000000000036,6860.0,1.0
P_1-1-pt_4996,P_1-1-pt_6297,16.699999999999967,6860.0,1.0
P_1-1-pt_4996,P_1-1-pt_5199,33.1000000000002,6860.0,1.0
P_1-1-pt_4996,P_1-1-pt_6931,17.399999999999977,6860.0,1.0
P_1-1-pt_4996,P_1-1-pt_3067,16.79999999999997,6860.0,1.0
P_1-1-pt_4996,P_1-1-pt_776,16.599999999999966,6860.0,1.0
P_1-1-pt_4996,P_1-1-pt_494,0.5,6860.0,1.0
P_1-1-pt_4996,P_1-1-pt_2162,32.9000000000002,6860.0,1.0
P_1-1-pt_4996,P_1-1-pt_297,244.79999999999038,6860.0,1.0
P_1-1-pt_4996,P_1-1-pt_6176,17.099999999999973,6860.0,1.0
P_1-2_1600,P_1-1-pt_6309,2451.8999999988655,6859.0,0.6601545414783496
P_1-1-pt_2162,P_1-1-pt_8247,9.99999999999998,6850.0,1.0
P_1-1-pt_2162,P_1-1-pt_3275,11.699999999999974,6850.0,1.0
P_1-1-pt_2162,P_1-1-pt_1560,11.599999999999975,6850.0,1.0
P_1-1-pt_2162,P_1-1-pt_1966,16.79999999999997,6850.0,1.0
P_1-1-pt_2162,P_1-2_2875,19.1,6850.0,1.0
P_1-1-pt_2162,P_1-1-pt_5906,16.499999999999964,6850.0,1.0
P_1-1-pt_2162,P_1-1-pt_1238,16.499999999999964,6850.0,1.0
P_1-1-pt_2162,P_1-1-pt_3916,16.499999999999964,6850.0,1.0
P_1-1-pt_2162,P_1-1-pt_1226,16.399999999999963,6850.0,1.0
P_1-1-pt_2162,P_1-1-pt_3409,31.300000000000175,6850.0,1.0
P_1-1-pt_2162,P_2-1_3764,15.299999999999962,6850.0,1.0
P_1-1-pt_2162,P_2-1_2925,15.099999999999962,6850.0,1.0
P_1-1-pt_2162,P_2-1_63,14.899999999999963,6850.0,1.0
P_1-1-pt_2162,P_1-2_1612,15.199999999999962,6850.0,1.0
P_1-1-pt_2162,P_1-1-pt_494,3905.999999997543,6850.0,1.0
P_1-1-pt_2162,P_1-1-pt_4996,32.9000000000002,6850.0,1.0
P_1-1-pt_2162,P_1-1-pt_6453,15.89999999999996,6850.0,1.0
P_1-1-pt_2162,P_1-3_3245,12.399999999999972,6850.0,1.0
P_1-1-pt_2162,P_1-1-pt_6413,16.99999999999997,6850.0,1.0
P_1-1-pt_2162,P_2-1_5419,12.79999999999997,6850.0,1.0
P_1-1-pt_2162,P_1-1-pt_8728,14.899999999999963,6850.0,1.0
P_1-1-pt_2162,P_1-2_4483,15.499999999999961,6850.0,1.0
P_1-1-pt_4671,P_1-1-pt_3927,15.59999999999996,6848.0,1.0
P_1-1-pt_4671,P_1-1-pt_1298,15.299999999999962,6848.0,1.0
P_1-1-pt_4671,P_1-1-pt_3275,16.699999999999967,6848.0,1.0
P_1-1-pt_4671,P_1-1-pt_1560,16.499999999999964,6848.0,1.0
P_1-1-pt_4671,P_1-1-pt_1966,16.699999999999967,6848.0,1.0
P_1-1-pt_4671,P_1-1-pt_5906,16.599999999999966,6848.0,1.0
P_1-1-pt_4671,P_1-1-pt_1238,16.499999999999964,6848.0,1.0
P_1-1-pt_4671,P_1-1-pt_3916,16.699999999999967,6848.0,1.0
P_1-1-pt_4671,P_1-1-pt_1226,16.699999999999967,6848.0,1.0
P_1-1-pt_4671,P_1-1-pt_3409,19.1,6848.0,1.0
P_1-1-pt_4671,P_1-1-pt_3624,15.499999999999961,6848.0,1.0
P_1-1-pt_4671,P_1-1-veh_792,22.40000000000005,6848.0,1.0
P_1-1-pt_4671,P_1-1-pt_1473,18.29999999999999,6848.0,1.0
P_1-1-pt_4671,P_1-1-pt_6297,16.499999999999964,6848.0,1.0
P_1-1-pt_4671,P_1-1-pt_3769,16.79999999999997,6848.0,1.0
P_1-1-pt_4671,P_1-1-pt_6031,17.199999999999974,6848.0,1.0
P_1-2_1066,P_1-1-pt_4715,12.199999999999973,6843.0,1.0
P_1-2_1066,P_1-2_5640,116.79999999999764,6843.0,1.0
P_1-1-pt_6931,P_1-3_2955,90.39999999999914,6836.0,1.0
P_1-1-pt_6931,P_1-1-pt_4996,17.399999999999977,6836.0,1.0
P_1-1-pt_6931,P_1-1-pt_3386,15.89999999999996,6836.0,1.0
P_1-1-pt_6931,P_1-1-pt_3067,21.90000000000004,6836.0,1.0
P_1-1-pt_6931,P_1-1-pt_776,16.499999999999964,6836.0,1.0
P_1-1-pt_6931,P_1-1-pt_1226,19.70000000000001,6836.0,1.0
P_1-1-pt_6931,P_1-1-pt_5199,16.399999999999963,6836.0,1.0
P_1-1-pt_6931,P_1-3_4690,96.89999999999877,6836.0,1.0
P_1-1-pt_6931,P_1-1-pt_1473,16.599999999999966,6836.0,1.0
P_1-1-pt_6931,P_1-1-pt_2529,15.499999999999961,6836.0,1.0
P_1-1-pt_6931,P_1-1-pt_8830,15.499999999999961,6836.0,1.0
P_1-1-pt_2844,P_1-1-pt_1601,14.899999999999963,6829.0,1.0
P_1-1-pt_2844,P_1-1-pt_7938,1574.2999999996637,6829.0,1.0
P_1-1-pt_6309,P_1-2_1600,2451.8999999988655,6820.0,1.0
P_1-3_2955,P_1-1-pt_6931,90.39999999999914,6818.0,1.0
P_1-3_2955,P_1-3_3494,26.600000000000108,6818.0,1.0
P_1-3_2955,P_1-3_4690,14.799999999999963,6818.0,1.0
P_1-2_4388,P_2-1_3944,30.400000000000162,6804.0,1.0
P_1-1-veh_234,P_1-1-pt_5078,19.1,6799.0,1.0
P_1-1-veh_234,P_1-1-pt_7208,9.499999999999982,6799.0,1.0
P_1-1-veh_234,P_1-1-pt_6538,13.699999999999967,6799.0,1.0
P_1-1-veh_234,P_1-1-pt_7142,19.900000000000013,6799.0,1.0
P_1-1-veh_234,P_1-1-pt_8682,27.40000000000012,6799.0,1.0
P_1-1-veh_234,P_1-2_1596,15.199999999999962,6799.0,1.0
P_1-1-veh_234,P_1-1-pt_4901,9.599999999999982,6799.0,1.0
P_1-1-veh_234,P_1-1-pt_7080,31.500000000000178,6799.0,1.0
P_1-1-veh_234,P_1-2_3389,15.399999999999961,6799.0,1.0
P_1-1-pt_5258,P_1-1-pt_7277,15.79999999999996,6796.0,1.0
P_1-1-pt_5258,P_2-1_2293,12.299999999999972,6796.0,1.0
P_1-1-pt_5258,P_1-2_163,10.399999999999979,6796.0,1.0
P_1-1-pt_5258,P_1-1-pt_7948,31.100000000000172,6796.0,1.0
P_1-3_2278,P_1-3_3793,14.599999999999964,6794.0,1.0
P_1-3_2278,P_2-1_6274,30.20000000000016,6794.0,1.0
P_1-1-pt_6031,P_1-1-pt_1121,16.699999999999967,6793.0,1.0
P_1-1-pt_6031,P_1-1-pt_2606,16.599999999999966,6793.0,1.0
P_1-1-pt_6031,P_1-1-pt_1966,16.399999999999963,6793.0,1.0
P_1-1-pt_6031,P_1-1-pt_5906,16.699999999999967,6793.0,1.0
P_1-1-pt_6031,P_1-1-pt_1238,16.79999999999997,6793.0,1.0
P_1-1-pt_6031,P_1-1-pt_3916,20.30000000000002,6793.0,1.0
P_1-1-pt_6031,P_1-1-pt_1226,16.499999999999964,6793.0,1.0
P_1-1-pt_6031,P_1-1-pt_5199,19.500000000000007,6793.0,1.0
P_1-1-pt_6031,P_1-1-pt_0,27.700000000000124,6793.0,1.0
P_1-1-pt_6031,P_1-1-pt_8068,36.200000000000244,6793.0,1.0
P_1-1-pt_6031,P_2-1_2136,10.499999999999979,6793.0,1.0
P_1-1-pt_6031,P_1-1-pt_4671,17.199999999999974,6793.0,1.0
P_1-1-pt_6031,P_1-1-pt_4919,17.099999999999973,6793.0,1.0
P_1-1-pt_776,P_1-1-pt_7142,12.199999999999973,6782.0,1.0
P_1-1-pt_776,P_1-1-pt_7760,16.99999999999997,6782.0,1.0
P_1-1-pt_776,P_1-3_2053,12.399999999999972,6782.0,1.0
P_1-1-pt_776,P_1-1-pt_6297,32.700000000000195,6782.0,1.0
P_1-1-pt_776,P_1-1-pt_5199,18.799999999999997,6782.0,1.0
P_1-1-pt_776,P_1-2_303,37.80000000000027,6782.0,1.0
P_1-1-pt_776,P_1-1-pt_6931,16.499999999999964,6782.0,1.0
P_1-1-pt_776,P_1-1-pt_4996,16.599999999999966,6782.0,1.0
P_1-1-pt_776,P_1-2_2543,14.199999999999966,6782.0,1.0
P_1-1-pt_4262,P_1-1-pt_5167,17.59999999999998,6777.0,0.9210565146820127
P_1-1-pt_4262,P_1-1-pt_1747,16.19999999999996,6777.0,0.9210565146820127
P_1-1-pt_4262,P_1-1-pt_3671,194.69999999999322,6777.0,0.9210565146820127
P_1-1-pt_4262,P_1-1-pt_6743,15.299999999999962,6777.0,0.9210565146820127
P_1-1-pt_4262,P_1-2_1715,11.399999999999975,6777.0,0.9210565146820127
P_1-1-pt_4262,P_1-1-pt_5357,15.499999999999961,6777.0,0.9210565146820127
P_1-1-pt_4262,P_1-1-veh_152,12.499999999999972,6777.0,0.9210565146820127
P_1-1-pt_4262,P_1-2_2795,4.5,6777.0,0.9210565146820127
P_1-1-pt_4262,P_1-1-pt_1420,16.09999999999996,6777.0,0.9210565146820127
P_1-1-pt_4262,P_1-1-pt_8247,15.99999999999996,6777.0,0.9210565146820127
P_1-1-pt_4262,P_1-1-pt_3512,15.59999999999996,6777.0,0.9210565146820127
P_1-1-pt_4262,P_1-1-pt_1798,16.499999999999964,6777.0,0.9210565146820127
P_1-1-pt_6673,P_1-1-pt_7440,15.399999999999961,6768.0,1.0
P_1-1-pt_6673,P_1-1-pt_2920,15.299999999999962,6768.0,1.0
P_1-3_3457,P_1-3_3046,27.50000000000012,6764.0,1.0
P_1-3_3457,P_1-3_3834,15.199999999999962,6764.0,1.0
P_1-3_3457,P_1-1-pt_4966,12.89999999999997,6764.0,1.0
P_1-3_3457,P_1-1-pt_1238,11.699999999999974,6764.0,1.0
P_1-3_3457,P_1-2_4734,30.600000000000165,6764.0,1.0
P_1-3_3457,P_1-3_2454,15.299999999999962,6764.0,1.0
P_1-3_3457,P_1-2_4206,30.600000000000165,6764.0,1.0
P_1-3_3457,P_1-3_1500,30.500000000000163,6764.0,1.0
P_1-3_3457,P_1-3_3901,15.199999999999962,6764.0,1.0
P_1-3_3457,P_1-2_1420,15.299999999999962,6764.0,1.0
P_1-3_3457,P_1-3_228,15.299999999999962,6764.0,1.0
P_1-3_3457,P_1-3_3776,15.299999999999962,6764.0,1.0
P_1-3_3457,P_2-1_2161,15.299999999999962,6764.0,1.0
P_1-3_3457,P_1-2_3280,15.299999999999962,6764.0,1.0
P_1-3_3457,P_1-3_4168,15.299999999999962,6764.0,1.0
P_1-3_3457,P_1-3_2053,15.199999999999962,6764.0,1.0
P_1-2_2229,P_1-2_2030,228.7999999999913,6762.0,0.9699792960662525
P_1-2_2229,P_2-1_5435,239.69999999999067,6762.0,0.9699792960662525
P_1-2_2229,P_2-1_4331,224.59999999999152,6762.0,0.9699792960662525
P_1-2_2229,P_2-1_3376,223.99999999999156,6762.0,0.9699792960662525
P_1-2_2229,P_2-1_6256,224.39999999999154,6762.0,0.9699792960662525
P_1-2_2229,P_1-2_3908,224.09999999999155,6762.0,0.9699792960662525
P_1-2_2229,P_1-2_4607,208.59999999999243,6762.0,0.9699792960662525
P_1-2_2229,P_1-1-pt_7104,1500.9999999997303,6762.0,0.9699792960662525
P_1-2_2229,P_1-2_4886,272.9999999999936,6762.0,0.9699792960662525
P_1-3_635,P_1-2_4791,11.899999999999974,6760.0,1.0
P_1-3_635,P_1-2_1533,14.199999999999966,6760.0,1.0
P_1-3_635,P_1-3_5578,15.59999999999996,6760.0,1.0
P_1-3_5475,P_1-1-pt_5139,12.299999999999972,6758.0,1.0
P_1-3_5475,P_1-1-pt_1006,19.80000000000001,6758.0,1.0
P_1-3_5475,P_2-1_5067,25.30000000000009,6758.0,1.0
P_1-1-pt_560,P_1-3_874,290.7999999999976,6756.0,1.0
P_1-1-pt_494,P_1-1-pt_3927,12.399999999999972,6748.0,1.0
P_1-1-pt_494,P_1-1-pt_8247,11.499999999999975,6748.0,1.0
P_1-1-pt_494,P_1-1-pt_3275,11.599999999999975,6748.0,1.0
P_1-1-pt_494,P_1-1-pt_1560,12.299999999999972,6748.0,1.0
P_1-1-pt_494,P_1-1-pt_1966,16.699999999999967,6748.0,1.0
P_1-1-pt_494,P_1-2_2875,15.79999999999996,6748.0,1.0
P_1-1-pt_494,P_1-1-pt_5906,16.399999999999963,6748.0,1.0
P_1-1-pt_494,P_1-1-pt_1238,16.499999999999964,6748.0,1.0
P_1-1-pt_494,P_1-1-pt_3916,16.499999999999964,6748.0,1.0
P_1-1-pt_494,P_1-1-pt_1226,16.499999999999964,6748.0,1.0
P_1-1-pt_494,P_1-1-pt_3409,15.79999999999996,6748.0,1.0
P_1-1-pt_494,P_2-1_3764,15.299999999999962,6748.0,1.0
P_1-1-pt_494,P_2-1_2925,15.199999999999962,6748.0,1.0
P_1-1-pt_494,P_2-1_63,15.299999999999962,6748.0,1.0
P_1-1-pt_494,P_1-2_1612,15.199999999999962,6748.0,1.0
P_1-1-pt_494,P_1-1-pt_4996,0.5,6748.0,1.0
P_1-1-pt_494,P_1-1-pt_2162,3905.999999997543,6748.0,1.0
P_2-1_3136,P_2-1_5450,76.19999999999995,6740.0,1.0
P_1-2_573,P_1-3_2018,34.70000000000022,6739.0,1.0
P_1-2_573,P_1-2_5210,951.1000000001477,6739.0,1.0
P_1-2_573,P_1-3_4954,16.29999999999996,6739.0,1.0
P_1-2_573,P_1-2_4634,38.90000000000028,6739.0,1.0
P_1-2_573,P_1-3_4775,30.20000000000016,6739.0,1.0
P_1-2_573,P_1-3_2410,15.099999999999962,6739.0,1.0
P_1-2_573,P_1-3_3253,30.000000000000156,6739.0,1.0
P_1-2_573,P_1-3_2633,32.20000000000019,6739.0,1.0
P_1-2_573,P_1-2_3693,15.499999999999961,6739.0,1.0
P_1-2_573,P_1-3_4875,18.29999999999999,6739.0,1.0
P_1-2_573,P_1-3_3410,15.199999999999962,6739.0,1.0
P_1-2_163,P_1-1-pt_5258,10.399999999999979,6738.0,1.0
P_1-2_163,P_2-1_5841,5.999999999999995,6738.0,1.0
P_2-1_2293,P_1-1-pt_5258,12.299999999999972,6735.0,1.0
P_2-1_2293,P_2-1_5841,2.1000000000000005,6735.0,1.0
P_2-1_2293,P_1-1-pt_6381,15.499999999999961,6735.0,1.0
P_1-2_2030,P_1-2_2229,228.7999999999913,6734.0,0.6471636471636472
P_1-2_2030,P_2-1_5435,223.59999999999158,6734.0,0.6471636471636472
P_1-2_2030,P_2-1_4331,223.99999999999156,6734.0,0.6471636471636472
P_1-2_2030,P_2-1_3376,2011.0999999992664,6734.0,0.6471636471636472
P_1-2_2030,P_2-1_6256,209.59999999999238,6734.0,0.6471636471636472
P_1-2_2030,P_1-2_3908,209.3999999999924,6734.0,0.6471636471636472
P_1-2_2030,P_1-2_4607,209.2999999999924,6734.0,0.6471636471636472
P_1-2_2030,P_1-1-pt_7104,188.89999999999355,6734.0,0.6471636471636472
P_1-2_2030,P_1-2_4886,208.39999999999245,6734.0,0.6471636471636472
P_1-1-veh_65,P_1-1-pt_7142,26.600000000000108,6733.0,1.0
P_1-1-veh_65,P_1-1-pt_2529,24.300000000000075,6733.0,1.0
P_1-3_4690,P_1-1-pt_4966,12.69999999999997,6733.0,1.0
P_1-3_4690,P_1-1-pt_6176,12.99999999999997,6733.0,1.0
P_1-3_4690,P_1-1-pt_6931,96.89999999999877,6733.0,1.0
P_1-3_4690,P_1-3_2955,14.799999999999963,6733.0,1.0
P_1-3_4690,P_1-1-pt_1714,13.799999999999967,6733.0,1.0
P_1-3_4690,P_1-2_2287,15.499999999999961,6733.0,1.0
P_1-3_4690,P_1-3_2454,15.299999999999962,6733.0,1.0
P_1-3_4738,P_1-2_3821,200.1999999999929,6733.0,0.770087628100401
P_1-3_4738,P_1-2_2580,200.1999999999929,6733.0,0.770087628100401
P_1-3_4738,P_1-2_5752,185.09999999999377,6733.0,0.770087628100401
P_1-3_4738,P_1-2_3464,184.89999999999378,6733.0,0.770087628100401
P_1-3_4738,P_1-2_2797,184.7999999999938,6733.0,0.770087628100401
P_1-3_4738,P_2-1_2028,92.39999999999903,6733.0,0.770087628100401
P_1-3_4738,P_1-1-veh_837,3800.6999999976388,6733.0,0.770087628100401
P_1-1-pt_1270,P_1-1-pt_4919,42.30000000000033,6731.0,1.0
P_1-1-pt_1270,P_1-1-pt_3275,15.99999999999996,6731.0,1.0
P_1-1-pt_1270,P_1-1-pt_1560,16.19999999999996,6731.0,1.0
P_1-1-pt_1270,P_1-1-pt_1966,15.99999999999996,6731.0,1.0
P_1-1-pt_1270,P_1-1-pt_5906,16.399999999999963,6731.0,1.0
P_1-1-pt_1270,P_1-1-pt_1238,16.599999999999966,6731.0,1.0
P_1-1-pt_1270,P_1-1-pt_3916,16.399999999999963,6731.0,1.0
P_1-1-pt_1270,P_1-1-pt_1108,14.699999999999964,6731.0,1.0
P_1-1-pt_1270,P_1-1-pt_1226,16.399999999999963,6731.0,1.0
P_1-1-pt_1270,P_1-1-pt_3624,15.59999999999996,6731.0,1.0
P_1-1-pt_1270,P_1-1-pt_3409,366.10000000001475,6731.0,1.0
P_1-1-pt_1270,P_1-1-veh_792,51.800000000000466,6731.0,1.0
P_1-1-pt_1270,P_1-1-pt_6453,15.499999999999961,6731.0,1.0
P_1-1-pt_1270,P_1-3_3245,12.299999999999972,6731.0,1.0
P_1-1-pt_3858,P_1-1-pt_5167,85.6999999999994,6728.0,0.9598692033293698
P_1-1-pt_3858,P_1-1-pt_1747,540.2000000000543,6728.0,0.9598692033293698
P_1-1-pt_3858,P_1-1-pt_6974,48.10000000000041,6728.0,0.9598692033293698
P_1-1-pt_3858,P_1-1-pt_4879,16.29999999999996,6728.0,0.9598692033293698
P_1-1-pt_3858,P_1-1-pt_2013,14.899999999999963,6728.0,0.9598692033293698
P_1-1-pt_3858,P_1-1-pt_98,85.29999999999943,6728.0,0.9598692033293698
P_1-1-pt_3858,P_1-1-pt_3671,93.89999999999894,6728.0,0.9598692033293698
P_1-1-pt_3858,P_1-1-pt_4736,30.90000000000017,6728.0,0.9598692033293698
P_1-1-pt_3858,P_1-1-pt_2880,32.700000000000195,6728.0,0.9598692033293698
P_1-1-pt_3858,P_1-2_1612,19.400000000000006,6728.0,0.9598692033293698
P_1-1-pt_3858,P_2-1_5419,15.199999999999962,6728.0,0.9598692033293698
P_1-1-pt_3858,P_1-1-pt_6743,23.000000000000057,6728.0,0.9598692033293698
P_1-1-pt_3858,P_1-1-pt_7915,47.2000000000004,6728.0,0.9598692033293698
P_1-1-pt_3858,P_1-1-pt_5999,30.90000000000017,6728.0,0.9598692033293698
P_1-1-pt_3858,P_1-1-pt_3207,17.49999999999998,6728.0,0.9598692033293698
P_1-1-pt_3858,P_1-1-pt_1497,16.09999999999996,6728.0,0.9598692033293698
P_1-2_4715,P_1-1-pt_3353,13.09999999999997,6720.0,1.0
P_1-2_4715,P_1-1-pt_2342,166.39999999999483,6720.0,1.0
P_1-3_5117,P_1-2_171,66.10000000000052,6709.0,1.0
P_1-3_17,P_1-2_3488,9.499999999999982,6707.0,1.0
P_1-3_17,P_1-2_4464,11.299999999999976,6707.0,1.0
P_1-3_17,P_1-3_3579,12.299999999999972,6707.0,1.0
P_1-1-pt_1108,P_1-1-pt_1560,36.80000000000025,6696.0,1.0
P_1-1-pt_1108,P_1-1-pt_1966,16.29999999999996,6696.0,1.0
P_1-1-pt_1108,P_1-1-pt_5906,16.19999999999996,6696.0,1.0
P_1-1-pt_1108,P_1-1-pt_1238,16.79999999999997,6696.0,1.0
P_1-1-pt_1108,P_1-1-pt_3916,16.399999999999963,6696.0,1.0
P_1-1-pt_1108,P_1-1-pt_1226,55.00000000000051,6696.0,1.0
P_1-1-pt_1108,P_1-1-veh_792,12.69999999999997,6696.0,1.0
P_1-1-pt_1108,P_1-1-pt_1270,14.699999999999964,6696.0,1.0
P_1-1-pt_1108,P_1-1-pt_4919,16.599999999999966,6696.0,1.0
P_1-1-pt_1108,P_1-1-pt_1304,32.40000000000019,6696.0,1.0
P_1-1-pt_1108,P_1-1-veh_105,37.90000000000027,6696.0,1.0
P_1-1-pt_1108,P_1-2_1203,59.10000000000057,6696.0,1.0
P_1-1-pt_1108,P_1-1-pt_8137,16.699999999999967,6696.0,1.0
P_1-1-pt_1108,P_1-1-pt_6389,2.3000000000000007,6696.0,1.0
P_1-1-pt_1560,P_1-1-pt_255,16.499999999999964,6694.0,1.0
P_1-1-pt_1560,P_1-1-pt_1108,36.80000000000025,6694.0,1.0
P_1-1-pt_1560,P_1-1-pt_494,12.299999999999972,6694.0,1.0
P_1-1-pt_1560,P_1-1-pt_2162,11.599999999999975,6694.0,1.0
P_1-1-pt_1560,P_1-1-pt_5897,16.79999999999997,6694.0,1.0
P_1-1-pt_1560,P_1-1-pt_4671,16.499999999999964,6694.0,1.0
P_1-1-pt_1560,P_1-1-pt_1270,16.19999999999996,6694.0,1.0
P_1-1-pt_1560,P_1-1-pt_4919,16.599999999999966,6694.0,1.0
P_1-1-pt_1560,P_1-1-pt_1304,17.099999999999973,6694.0,1.0
P_1-1-pt_1560,P_1-1-pt_7863,16.499999999999964,6694.0,1.0
P_1-1-pt_1560,P_1-1-pt_5193,15.59999999999996,6694.0,1.0
P_1-1-pt_1560,P_1-1-pt_7325,16.599999999999966,6694.0,1.0
P_1-1-pt_1560,P_1-1-pt_8137,16.89999999999997,6694.0,1.0
P_1-1-pt_1560,P_1-1-pt_8762,15.89999999999996,6694.0,1.0
P_1-1-pt_1560,P_1-1-pt_1138,16.09999999999996,6694.0,1.0
P_1-1-pt_1560,P_1-1-pt_3275,2014.1999999992636,6694.0,1.0
P_1-1-pt_1560,P_1-1-pt_5298,29.60000000000015,6694.0,1.0
P_1-1-pt_1560,P_1-1-pt_7732,15.59999999999996,6694.0,1.0
P_1-1-pt_2606,P_1-3_3834,12.299999999999972,6687.0,1.0
P_1-1-pt_2606,P_1-1-pt_3067,622.0000000000729,6687.0,1.0
P_1-1-pt_2606,P_1-3_528,166.19999999999484,6687.0,1.0
P_1-1-pt_2606,P_1-1-pt_6031,16.599999999999966,6687.0,1.0
P_1-1-pt_2606,P_1-1-pt_255,16.599999999999966,6687.0,1.0
P_1-1-pt_2606,P_1-1-pt_3769,16.399999999999963,6687.0,1.0
P_1-1-pt_2606,P_1-1-pt_8545,15.399999999999961,6687.0,1.0
P_1-1-pt_2606,P_1-1-pt_1121,16.699999999999967,6687.0,1.0
P_1-1-pt_3769,P_1-1-pt_2606,16.399999999999963,6686.0,1.0
P_1-1-pt_3769,P_1-1-pt_5906,16.699999999999967,6686.0,1.0
P_1-1-pt_3769,P_1-1-pt_1238,16.499999999999964,6686.0,1.0
P_1-1-pt_3769,P_1-1-pt_3916,16.599999999999966,6686.0,1.0
P_1-1-pt_3769,P_1-1-pt_1226,16.29999999999996,6686.0,1.0
P_1-1-pt_3769,P_1-1-pt_3409,15.69999999999996,6686.0,1.0
P_1-1-pt_3769,P_1-1-pt_3624,16.19999999999996,6686.0,1.0
P_1-1-pt_3769,P_1-1-veh_792,49.90000000000044,6686.0,1.0
P_1-1-pt_3769,P_1-1-pt_1473,18.099999999999987,6686.0,1.0
P_1-1-pt_3769,P_1-1-pt_6297,16.599999999999966,6686.0,1.0
P_1-1-pt_3769,P_1-1-pt_5897,2233.2999999990643,6686.0,1.0
P_1-1-pt_3769,P_1-1-pt_4671,16.79999999999997,6686.0,1.0
P_1-1-pt_3769,P_1-1-pt_4919,16.399999999999963,6686.0,1.0
P_1-1-pt_8692,P_1-1-veh_459,30.20000000000016,6684.0,1.0
P_1-3_2187,P_2-1_4811,15.79999999999996,6683.0,1.0
P_1-2_2237,P_1-2_3488,27.700000000000124,6682.0,1.0
P_1-2_2237,P_1-1-pt_2129,17.099999999999973,6682.0,1.0
P_1-2_2237,P_1-1-pt_1039,16.99999999999997,6682.0,1.0
P_1-2_2237,P_1-1-pt_5275,16.99999999999997,6682.0,1.0
P_1-2_2237,P_1-1-pt_1700,16.99999999999997,6682.0,1.0
P_1-2_2237,P_1-2_4791,17.799999999999983,6682.0,1.0
P_2-1_3376,P_2-1_6256,229.09999999999127,6681.0,0.6946564885496184
P_2-1_3376,P_2-1_5435,224.8999999999915,6681.0,0.6946564885496184
P_2-1_3376,P_2-1_4331,224.39999999999154,6681.0,0.6946564885496184
P_2-1_3376,P_1-2_2229,223.99999999999156,6681.0,0.6946564885496184
P_2-1_3376,P_1-2_2030,2011.0999999992664,6681.0,0.6946564885496184
P_2-1_3376,P_1-2_3908,218.1999999999919,6681.0,0.6946564885496184
P_2-1_3376,P_1-2_4607,209.0999999999924,6681.0,0.6946564885496184
P_2-1_3376,P_1-1-pt_7104,746.2000000001011,6681.0,0.6946564885496184
P_2-1_3376,P_1-2_4886,208.59999999999243,6681.0,0.6946564885496184
P_1-1-pt_3927,P_1-1-pt_494,12.399999999999972,6679.0,1.0
P_1-1-pt_3927,P_1-1-pt_4671,15.59999999999996,6679.0,1.0
P_1-1-pt_3927,P_1-1-pt_5298,15.199999999999962,6679.0,1.0
P_1-1-pt_3927,P_1-1-pt_5115,13.899999999999967,6679.0,1.0
P_1-1-pt_3927,P_1-2_3413,29.60000000000015,6679.0,1.0
P_1-1-veh_459,P_1-1-pt_8692,30.20000000000016,6678.0,0.7488769092542678
P_1-1-veh_459,P_1-1-pt_7664,28.80000000000014,6678.0,0.7488769092542678
P_1-1-veh_459,P_1-3_2280,12.399999999999972,6678.0,0.7488769092542678
P_2-1_4930,P_2-1_4232,15.89999999999996,6676.0,1.0
P_2-1_4930,P_1-1-pt_8085,8.899999999999984,6676.0,1.0
P_2-1_4930,P_1-3_5354,13.999999999999966,6676.0,1.0
P_2-1_4930,P_1-2_4955,50.90000000000045,6676.0,1.0
P_2-1_4930,P_1-1-pt_4785,15.199999999999962,6676.0,1.0
P_1-3_5123,P_1-3_3536,14.699999999999964,6674.0,1.0
P_1-3_5123,P_1-1-pt_1121,9.299999999999983,6674.0,1.0
P_1-3_5123,P_1-2_2875,18.099999999999987,6674.0,1.0
P_1-2_829,P_1-1-pt_6358,196.49999999999312,6668.0,1.0
P_1-2_829,P_1-1-pt_6516,13.699999999999967,6668.0,1.0
P_1-1-pt_1329,P_2-1_2925,10.499999999999979,6666.0,1.0
P_1-1-pt_1329,P_1-1-pt_3489,49.10000000000043,6666.0,1.0
P_1-1-pt_1329,P_2-1_5419,9.399999999999983,6666.0,1.0
P_2-1_6274,P_1-3_2278,30.20000000000016,6666.0,1.0
P_2-1_6256,P_2-1_3376,229.09999999999127,6665.0,1.0
P_2-1_6256,P_2-1_5435,222.09999999999167,6665.0,1.0
P_2-1_6256,P_2-1_4331,223.99999999999156,6665.0,1.0
P_2-1_6256,P_1-2_2229,224.39999999999154,6665.0,1.0
P_2-1_6256,P_1-2_2030,209.59999999999238,6665.0,1.0
P_2-1_6256,P_1-2_3908,304.50000000000074,6665.0,1.0
P_2-1_6256,P_1-2_4607,209.49999999999238,6665.0,1.0
P_2-1_6256,P_1-1-pt_7104,175.5999999999943,6665.0,1.0
P_2-1_6256,P_1-2_4886,208.59999999999243,6665.0,1.0
P_1-1-pt_521,P_1-1-pt_5167,682.2000000000866,6656.0,0.6754807692307693
P_1-1-pt_521,P_1-1-pt_1747,85.8999999999994,6656.0,0.6754807692307693
P_1-1-pt_521,P_1-1-pt_6743,46.700000000000394,6656.0,0.6754807692307693
P_1-1-pt_521,P_1-1-pt_2880,45.00000000000037,6656.0,0.6754807692307693
P_1-1-pt_521,P_1-1-pt_8280,65.40000000000056,6656.0,0.6754807692307693
P_1-1-pt_521,P_1-1-pt_3207,80.29999999999971,6656.0,0.6754807692307693
P_1-1-pt_521,P_1-1-pt_571,32.50000000000019,6656.0,0.6754807692307693
P_1-1-pt_521,P_1-1-pt_3230,32.50000000000019,6656.0,0.6754807692307693
P_1-1-pt_521,P_1-1-pt_3671,82.49999999999959,6656.0,0.6754807692307693
P_1-1-pt_521,P_1-1-pt_98,495.2000000000441,6656.0,0.6754807692307693
P_1-1-pt_521,P_1-1-pt_6974,19.200000000000003,6656.0,0.6754807692307693
P_1-1-pt_521,P_1-1-pt_1497,90.69999999999912,6656.0,0.6754807692307693
P_1-1-pt_521,P_1-1-pt_5666,33.3000000000002,6656.0,0.6754807692307693
P_1-1-pt_521,P_1-1-pt_4879,43.70000000000035,6656.0,0.6754807692307693
P_1-1-pt_521,P_1-1-pt_2920,16.599999999999966,6656.0,0.6754807692307693
P_1-1-pt_521,P_1-1-veh_610,12.399999999999972,6656.0,0.6754807692307693
P_1-1-pt_521,P_1-1-pt_2369,19.0,6656.0,0.6754807692307693
P_1-1-pt_521,P_1-1-pt_7915,19.300000000000004,6656.0,0.6754807692307693
P_1-1-pt_521,P_1-1-pt_7573,16.29999999999996,6656.0,0.6754807692307693
P_1-1-pt_521,P_1-1-veh_767,12.199999999999973,6656.0,0.6754807692307693
P_1-1-pt_521,P_1-1-pt_2013,19.60000000000001,6656.0,0.6754807692307693
P_1-1-pt_521,P_1-2_303,3.800000000000002,6656.0,0.6754807692307693
P_1-1-pt_2369,P_1-1-pt_3207,15.79999999999996,6654.0,1.0
P_1-1-pt_2369,P_1-1-pt_4879,45.10000000000037,6654.0,1.0
P_1-1-pt_2369,P_1-1-pt_6743,220.09999999999178,6654.0,1.0
P_1-1-pt_2369,P_1-1-pt_4736,64.40000000000062,6654.0,1.0
P_1-1-pt_2369,P_1-1-pt_2880,14.899999999999963,6654.0,1.0
P_1-1-pt_2369,P_1-1-pt_571,60.50000000000059,6654.0,1.0
P_1-1-pt_2369,P_1-1-pt_3230,49.50000000000043,6654.0,1.0
P_1-1-pt_2369,P_1-1-pt_8280,16.19999999999996,6654.0,1.0
P_1-1-pt_2369,P_1-1-pt_1497,33.3000000000002,6654.0,1.0
P_1-1-pt_2369,P_1-1-pt_521,19.0,6654.0,1.0
P_1-1-pt_2369,P_1-1-pt_7573,15.59999999999996,6654.0,1.0
P_1-1-pt_2369,P_1-1-pt_2013,14.299999999999965,6654.0,1.0
P_1-1-pt_2369,P_1-1-pt_2297,33.500000000000206,6654.0,1.0
P_1-1-pt_7664,P_1-1-pt_4879,25.800000000000097,6652.0,1.0
P_1-1-pt_7664,P_1-1-veh_459,28.80000000000014,6652.0,1.0
P_1-1-pt_7664,P_1-2_2543,14.599999999999964,6652.0,1.0
P_1-3_4168,P_1-1-pt_7760,13.499999999999968,6652.0,1.0
P_1-3_4168,P_1-1-pt_1714,12.89999999999997,6652.0,1.0
P_1-3_4168,P_1-2_4734,30.600000000000165,6652.0,1.0
P_1-3_4168,P_1-3_2454,15.199999999999962,6652.0,1.0
P_1-3_4168,P_1-2_4206,15.299999999999962,6652.0,1.0
P_1-3_4168,P_1-3_1500,15.299999999999962,6652.0,1.0
P_1-3_4168,P_1-3_3901,15.299999999999962,6652.0,1.0
P_1-3_4168,P_1-2_1420,15.299999999999962,6652.0,1.0
P_1-3_4168,P_1-3_228,15.199999999999962,6652.0,1.0
P_1-3_4168,P_1-3_3834,15.299999999999962,6652.0,1.0
P_1-3_4168,P_1-3_3776,15.299999999999962,6652.0,1.0
P_1-3_4168,P_2-1_2161,15.299999999999962,6652.0,1.0
P_1-3_4168,P_1-2_3280,15.299999999999962,6652.0,1.0
P_1-3_4168,P_1-3_3046,15.299999999999962,6652.0,1.0
P_1-3_4168,P_1-3_3457,15.299999999999962,6652.0,1.0
P_1-3_4168,P_1-3_2053,15.199999999999962,6652.0,1.0
P_1-3_1500,P_1-2_4734,61.0000000000006,6651.0,1.0
P_1-3_1500,P_1-2_4206,61.3000000000006,6651.0,1.0
P_1-3_1500,P_1-3_3901,60.800000000000594,6651.0,1.0
P_1-3_1500,P_1-2_1420,60.800000000000594,6651.0,1.0
P_1-3_1500,P_1-3_228,60.800000000000594,6651.0,1.0
P_1-3_1500,P_1-3_3776,60.800000000000594,6651.0,1.0
P_1-3_1500,P_2-1_2161,61.0000000000006,6651.0,1.0
P_1-3_1500,P_1-3_874,30.30000000000016,6651.0,1.0
P_1-3_1500,P_1-3_2454,30.30000000000016,6651.0,1.0
P_1-3_1500,P_1-3_3834,30.400000000000162,6651.0,1.0
P_1-3_1500,P_1-2_3280,30.400000000000162,6651.0,1.0
P_1-3_1500,P_1-3_3046,30.500000000000163,6651.0,1.0
P_1-3_1500,P_1-3_3457,30.500000000000163,6651.0,1.0
P_1-3_1500,P_1-3_4168,15.299999999999962,6651.0,1.0
P_1-3_1500,P_1-3_2053,15.199999999999962,6651.0,1.0
P_1-3_4954,P_1-3_2018,45.400000000000375,6643.0,1.0
P_1-3_4954,P_1-2_573,16.29999999999996,6643.0,1.0
P_1-3_4954,P_1-2_4634,31.70000000000018,6643.0,1.0
P_1-3_4954,P_1-3_4775,30.20000000000016,6643.0,1.0
P_1-3_4954,P_1-3_2410,30.100000000000158,6643.0,1.0
P_1-3_4954,P_1-3_3253,30.700000000000166,6643.0,1.0
P_1-3_4954,P_1-3_2633,34.800000000000225,6643.0,1.0
P_1-3_4954,P_1-2_5210,18.39999999999999,6643.0,1.0
P_1-3_4954,P_1-2_3693,14.899999999999963,6643.0,1.0
P_1-3_4954,P_1-3_4875,15.199999999999962,6643.0,1.0
P_1-3_4954,P_1-3_3410,15.199999999999962,6643.0,1.0
P_1-1-pt_4879,P_1-1-pt_7664,25.800000000000097,6641.0,1.0
P_1-1-pt_4879,P_1-1-pt_3858,16.29999999999996,6641.0,1.0
P_1-1-pt_4879,P_1-1-pt_2013,241.0999999999906,6641.0,1.0
P_1-1-pt_4879,P_1-1-pt_3409,7.29999999999999,6641.0,1.0
P_1-1-pt_4879,P_1-1-pt_2369,45.10000000000037,6641.0,1.0
P_1-1-pt_4879,P_1-1-pt_6743,24.900000000000084,6641.0,1.0
P_1-1-pt_4879,P_2-1_2925,12.199999999999973,6641.0,1.0
P_1-1-pt_4879,P_2-1_63,21.20000000000003,6641.0,1.0
P_1-1-pt_4879,P_1-2_1612,6.299999999999994,6641.0,1.0
P_1-1-pt_4879,P_1-1-pt_5666,39.20000000000029,6641.0,1.0
P_1-1-pt_4879,P_1-1-pt_3207,40.500000000000306,6641.0,1.0
P_1-1-pt_4879,P_1-1-pt_521,43.70000000000035,6641.0,1.0
P_1-1-pt_4879,P_2-1_5419,15.299999999999962,6641.0,1.0
P_1-1-pt_4879,P_1-2_303,36.50000000000025,6641.0,1.0
P_1-3_1604,P_1-1-pt_3931,21.70000000000004,6640.0,1.0
P_1-3_1604,P_1-1-pt_2431,30.500000000000163,6640.0,1.0
P_1-1-pt_2529,P_1-2_6013,8.599999999999985,6637.0,1.0
P_1-1-pt_2529,P_1-2_505,9.099999999999984,6637.0,1.0
P_1-1-pt_2529,P_2-1_2384,8.999999999999984,6637.0,1.0
P_1-1-pt_2529,P_2-1_2136,13.899999999999967,6637.0,1.0
P_1-1-pt_2529,P_1-1-veh_65,24.300000000000075,6637.0,1.0
P_1-1-pt_2529,P_1-1-pt_8830,47.400000000000404,6637.0,1.0
P_1-1-pt_2529,P_1-1-pt_6931,15.499999999999961,6637.0,1.0
P_2-1_6236,P_1-1-pt_2431,15.59999999999996,6636.0,1.0
P_1-2_4791,P_1-3_4666,14.299999999999965,6628.0,1.0
P_1-2_4791,P_1-2_1533,14.299999999999965,6628.0,1.0
P_1-2_4791,P_1-3_5578,14.199999999999966,6628.0,1.0
P_1-2_4791,P_1-3_635,11.899999999999974,6628.0,1.0
P_1-2_4791,P_1-2_2237,17.799999999999983,6628.0,1.0
P_1-2_1255,P_1-1-pt_6974,24.00000000000007,6617.0,1.0
P_1-2_1255,P_1-1-pt_2503,16.79999999999997,6617.0,1.0
P_1-2_1255,P_1-1-pt_4919,16.09999999999996,6617.0,1.0
P_2-1_6130,P_2-1_1463,16.09999999999996,6616.0,1.0
P_2-1_6130,P_2-1_4788,15.199999999999962,6616.0,1.0
P_2-1_6130,P_2-1_499,15.199999999999962,6616.0,1.0
P_2-1_6130,P_2-1_804,15.199999999999962,6616.0,1.0
P_2-1_6130,P_2-1_213,15.199999999999962,6616.0,1.0
P_1-2_1715,P_1-1-pt_4262,11.399999999999975,6609.0,1.0
P_2-1_3601,P_2-1_5001,62.200000000000614,6609.0,1.0
P_2-1_3601,P_2-1_2486,46.40000000000039,6609.0,1.0
P_1-2_4208,P_1-1-pt_7732,12.79999999999997,6604.0,1.0
P_1-2_4208,P_1-1-pt_5115,9.199999999999983,6604.0,1.0
P_1-2_4208,P_1-1-pt_6368,15.399999999999961,6604.0,1.0
P_1-2_4208,P_1-1-pt_1306,28.600000000000136,6604.0,1.0
P_1-2_4208,P_1-2_3052,15.299999999999962,6604.0,1.0
P_1-2_3835,P_1-2_3286,3.600000000000002,6603.0,1.0
P_1-2_3835,P_1-2_5640,220.79999999999174,6603.0,1.0
P_1-1-pt_977,P_1-2_2875,14.099999999999966,6579.0,1.0
P_1-2_3286,P_1-2_3835,3.600000000000002,6578.0,1.0
P_1-2_5210,P_1-2_573,951.1000000001477,6568.0,1.0
P_1-2_5210,P_1-2_4634,30.100000000000158,6568.0,1.0
P_1-2_5210,P_1-3_4775,30.20000000000016,6568.0,1.0
P_1-2_5210,P_1-3_2410,15.199999999999962,6568.0,1.0
P_1-2_5210,P_1-3_3253,30.600000000000165,6568.0,1.0
P_1-2_5210,P_1-3_2018,17.999999999999986,6568.0,1.0
P_1-2_5210,P_1-3_2633,35.10000000000023,6568.0,1.0
P_1-2_5210,P_1-2_3693,15.099999999999962,6568.0,1.0
P_1-2_5210,P_1-3_4954,18.39999999999999,6568.0,1.0
P_1-2_5210,P_1-3_4875,26.900000000000112,6568.0,1.0
P_1-2_5210,P_1-3_3410,15.199999999999962,6568.0,1.0
P_1-3_2053,P_1-1-pt_776,12.399999999999972,6568.0,1.0
P_1-3_2053,P_1-1-pt_1714,13.699999999999967,6568.0,1.0
P_1-3_2053,P_1-3_2454,15.199999999999962,6568.0,1.0
P_1-3_2053,P_1-2_4206,15.199999999999962,6568.0,1.0
P_1-3_2053,P_1-3_1500,15.199999999999962,6568.0,1.0
P_1-3_2053,P_1-3_3901,15.199999999999962,6568.0,1.0
P_1-3_2053,P_1-2_1420,15.099999999999962,6568.0,1.0
P_1-3_2053,P_1-3_228,15.199999999999962,6568.0,1.0
P_1-3_2053,P_1-3_3834,15.199999999999962,6568.0,1.0
P_1-3_2053,P_1-3_3776,15.199999999999962,6568.0,1.0
P_1-3_2053,P_2-1_2161,15.299999999999962,6568.0,1.0
P_1-3_2053,P_1-2_3280,15.299999999999962,6568.0,1.0
P_1-3_2053,P_1-3_3046,15.199999999999962,6568.0,1.0
P_1-3_2053,P_1-3_3457,15.199999999999962,6568.0,1.0
P_1-3_2053,P_1-3_4168,15.199999999999962,6568.0,1.0
P_1-3_2053,P_1-2_4734,30.800000000000168,6568.0,1.0
P_1-1-pt_6297,P_1-1-pt_4996,16.699999999999967,6567.0,1.0
P_1-1-pt_6297,P_1-1-pt_3386,18.799999999999997,6567.0,1.0
P_1-1-pt_6297,P_1-1-pt_3067,39.700000000000294,6567.0,1.0
P_1-1-pt_6297,P_1-1-pt_5906,22.100000000000044,6567.0,1.0
P_1-1-pt_6297,P_1-1-pt_1238,19.300000000000004,6567.0,1.0
P_1-1-pt_6297,P_1-1-pt_776,32.700000000000195,6567.0,1.0
P_1-1-pt_6297,P_1-1-pt_1226,15.69999999999996,6567.0,1.0
P_1-1-pt_6297,P_2-1_2136,26.70000000000011,6567.0,1.0
P_1-1-pt_6297,P_1-1-pt_5897,16.699999999999967,6567.0,1.0
P_1-1-pt_6297,P_1-1-pt_3769,16.599999999999966,6567.0,1.0
P_1-1-pt_6297,P_1-1-pt_4671,16.499999999999964,6567.0,1.0
P_1-1-pt_6297,P_1-1-pt_4919,18.9,6567.0,1.0
P_1-1-pt_6297,P_1-3_3245,17.69999999999998,6567.0,1.0
P_1-1-pt_6297,P_1-1-pt_530,20.30000000000002,6567.0,1.0
P_1-1-pt_5357,P_1-1-pt_4262,15.499999999999961,6555.0,1.0
P_1-1-pt_5357,P_1-1-pt_3386,30.90000000000017,6555.0,1.0
P_1-1-pt_6779,P_1-2_1203,5.599999999999996,6538.0,1.0
P_1-1-pt_6779,P_1-3_2323,14.099999999999966,6538.0,1.0
P_1-2_3077,P_1-2_3378,136.79999999999652,6537.0,1.0
P_1-2_3077,P_1-3_2180,21.90000000000004,6537.0,1.0
P_1-2_3077,P_1-3_2076,22.60000000000005,6537.0,1.0
P_1-2_3077,P_1-2_5020,29.60000000000015,6537.0,1.0
P_1-2_3077,P_1-2_5092,30.30000000000016,6537.0,1.0
P_1-2_3077,P_1-3_5354,22.60000000000005,6537.0,1.0
P_1-2_3077,P_1-3_4587,12.299999999999972,6537.0,1.0
P_1-1-pt_6974,P_1-1-pt_3858,48.10000000000041,6531.0,0.9366100137804317
P_1-1-pt_6974,P_1-1-pt_5167,225.29999999999148,6531.0,0.9366100137804317
P_1-1-pt_6974,P_1-1-pt_3671,283.0999999999959,6531.0,0.9366100137804317
P_1-1-pt_6974,P_1-1-pt_1747,387.30000000001957,6531.0,0.9366100137804317
P_1-1-pt_6974,P_1-1-pt_1497,71.60000000000021,6531.0,0.9366100137804317
P_1-1-pt_6974,P_1-1-pt_98,505.10000000004635,6531.0,0.9366100137804317
P_1-1-pt_6974,P_2-1_3764,5.299999999999997,6531.0,0.9366100137804317
P_1-1-pt_6974,P_1-1-pt_2880,220.59999999999175,6531.0,0.9366100137804317
P_1-1-pt_6974,P_1-2_1255,24.00000000000007,6531.0,0.9366100137804317
P_1-1-pt_6974,P_1-1-pt_521,19.200000000000003,6531.0,0.9366100137804317
P_1-1-pt_6974,P_1-1-pt_3207,111.99999999999791,6531.0,0.9366100137804317
P_1-1-pt_6974,P_1-1-pt_4736,31.60000000000018,6531.0,0.9366100137804317
P_1-1-pt_6974,P_1-1-pt_2920,93.49999999999896,6531.0,0.9366100137804317
P_1-1-pt_6974,P_1-1-veh_610,13.499999999999968,6531.0,0.9366100137804317
P_1-1-pt_6974,P_1-1-pt_7915,520.0000000000497,6531.0,0.9366100137804317
P_1-1-pt_6974,P_1-1-pt_7573,16.399999999999963,6531.0,0.9366100137804317
P_1-1-pt_6974,P_1-2_5543,15.399999999999961,6531.0,0.9366100137804317
P_1-2_5927,P_1-2_5020,14.699999999999964,6531.0,1.0
P_1-3_3901,P_1-2_4734,61.0000000000006,6527.0,1.0
P_1-3_3901,P_1-2_4206,60.900000000000595,6527.0,1.0
P_1-3_3901,P_1-3_1500,60.800000000000594,6527.0,1.0
P_1-3_3901,P_1-2_1420,61.2000000000006,6527.0,1.0
P_1-3_3901,P_1-3_228,61.0000000000006,6527.0,1.0
P_1-3_3901,P_1-3_3776,61.0000000000006,6527.0,1.0
P_1-3_3901,P_2-1_2161,61.0000000000006,6527.0,1.0
P_1-3_3901,P_1-3_874,30.500000000000163,6527.0,1.0
P_1-3_3901,P_1-3_2454,30.400000000000162,6527.0,1.0
P_1-3_3901,P_1-3_3834,30.400000000000162,6527.0,1.0
P_1-3_3901,P_1-2_3280,30.500000000000163,6527.0,1.0
P_1-3_3901,P_1-3_3046,30.400000000000162,6527.0,1.0
P_1-3_3901,P_1-3_3457,15.199999999999962,6527.0,1.0
P_1-3_3901,P_1-3_4168,15.299999999999962,6527.0,1.0
P_1-3_3901,P_1-3_2053,15.199999999999962,6527.0,1.0
P_1-1-pt_6368,P_1-1-pt_4595,14.599999999999964,6525.0,1.0
P_1-1-pt_6368,P_1-1-pt_1306,37.80000000000027,6525.0,1.0
P_1-1-pt_6368,P_1-2_4208,15.399999999999961,6525.0,1.0
P_1-1-pt_6368,P_1-3_3755,14.699999999999964,6525.0,1.0
P_1-1-pt_5115,P_1-3_2985,9.299999999999983,6515.0,1.0
P_1-1-pt_5115,P_1-2_1990,9.299999999999983,6515.0,1.0
P_1-1-pt_5115,P_1-1-veh_602,9.399999999999983,6515.0,1.0
P_1-1-pt_5115,P_1-2_4208,9.199999999999983,6515.0,1.0
P_1-1-pt_5115,P_1-3_3755,9.399999999999983,6515.0,1.0
P_1-1-pt_5115,P_1-3_5334,9.399999999999983,6515.0,1.0
P_1-1-pt_5115,P_1-1-pt_3927,13.899999999999967,6515.0,1.0
P_1-1-pt_5115,P_1-2_2345,11.599999999999975,6515.0,1.0
P_1-1-pt_5115,P_1-2_4019,12.299999999999972,6515.0,1.0
P_1-1-pt_5115,P_1-2_3692,12.299999999999972,6515.0,1.0
P_1-1-pt_1714,P_1-2_4771,27.600000000000122,6514.0,1.0
P_1-1-pt_1714,P_1-1-pt_3629,30.90000000000017,6514.0,1.0
P_1-1-pt_1714,P_1-2_2287,14.699999999999964,6514.0,1.0
P_1-1-pt_1714,P_1-3_1785,13.799999999999967,6514.0,1.0
P_1-1-pt_1714,P_1-3_4168,12.89999999999997,6514.0,1.0
P_1-1-pt_1714,P_1-2_3081,13.799999999999967,6514.0,1.0
P_1-1-pt_1714,P_1-3_2053,13.699999999999967,6514.0,1.0
P_1-1-pt_1714,P_1-2_5951,13.799999999999967,6514.0,1.0
P_1-1-pt_1714,P_1-3_4690,13.799999999999967,6514.0,1.0
P_1-2_848,P_1-1-pt_5139,12.399999999999972,6513.0,1.0
P_1-2_848,P_1-1-pt_1006,26.600000000000108,6513.0,1.0
P_2-1_213,P_1-2_4853,15.199999999999962,6509.0,1.0
P_2-1_213,P_2-1_6130,15.199999999999962,6509.0,1.0
P_1-1-pt_8184,P_1-2_638,38.300000000000274,6506.0,1.0
P_1-1-pt_8184,P_1-2_5753,1.7000000000000004,6506.0,1.0
P_1-1-pt_8184,P_1-1-pt_1723,31.100000000000172,6506.0,1.0
P_1-1-veh_602,P_1-1-pt_7732,12.299999999999972,6500.0,1.0
P_1-1-veh_602,P_1-1-pt_5115,9.399999999999983,6500.0,1.0
P_1-2_1494,P_1-1-pt_1669,12.299999999999972,6499.0,1.0
P_1-2_168,P_1-1-pt_4875,227.09999999999138,6497.0,0.9998460828074496
P_1-2_168,P_1-2_3708,15.099999999999962,6497.0,0.9998460828074496
P_1-1-pt_3489,P_1-2_4940,9.199999999999983,6495.0,1.0
P_1-1-pt_3489,P_1-1-pt_1329,49.10000000000043,6495.0,1.0
P_1-1-pt_3489,P_2-1_5419,9.399999999999983,6495.0,1.0
P_1-2_4483,P_1-1-pt_2880,19.60000000000001,6485.0,1.0
P_1-2_4483,P_1-1-pt_297,53.100000000000485,6485.0,1.0
P_1-2_4483,P_1-1-pt_2162,15.499999999999961,6485.0,1.0
P_1-2_4483,P_1-1-pt_3409,15.199999999999962,6485.0,1.0
P_1-2_5951,P_1-1-pt_4966,12.499999999999972,6485.0,0.8567463377023902
P_1-2_5951,P_1-1-pt_1226,12.399999999999972,6485.0,0.8567463377023902
P_1-2_5951,P_1-1-pt_1714,13.799999999999967,6485.0,0.8567463377023902
P_1-2_5951,P_1-2_2287,15.199999999999962,6485.0,0.8567463377023902
P_1-2_5951,P_1-3_2454,15.199999999999962,6485.0,0.8567463377023902
P_1-2_5951,P_1-2_4771,16.29999999999996,6485.0,0.8567463377023902
P_1-2_5951,P_1-3_1785,15.299999999999962,6485.0,0.8567463377023902
P_1-2_5951,P_1-2_3081,15.199999999999962,6485.0,0.8567463377023902
P_1-1-pt_2129,P_1-2_3488,27.40000000000012,6484.0,1.0
P_1-1-pt_2129,P_1-2_2237,17.099999999999973,6484.0,1.0
P_1-1-pt_2129,P_1-1-pt_5275,30.20000000000016,6484.0,1.0
P_1-1-pt_2129,P_1-1-pt_1700,30.30000000000016,6484.0,1.0
P_1-1-pt_2129,P_1-2_1533,28.700000000000138,6484.0,1.0
P_1-1-pt_2129,P_1-1-pt_1039,6461.700000005976,6484.0,1.0
P_1-3_4775,P_1-2_4634,63.20000000000063,6482.0,1.0
P_1-3_4775,P_1-3_2410,48.60000000000042,6482.0,1.0
P_1-3_4775,P_1-3_3253,47.1000000000004,6482.0,1.0
P_1-3_4775,P_1-3_2018,30.000000000000156,6482.0,1.0
P_1-3_4775,P_1-3_2633,45.00000000000037,6482.0,1.0
P_1-3_4775,P_1-2_5210,30.20000000000016,6482.0,1.0
P_1-3_4775,P_1-2_573,30.20000000000016,6482.0,1.0
P_1-3_4775,P_1-3_4954,30.20000000000016,6482.0,1.0
P_1-3_4775,P_1-3_4875,231.59999999999113,6482.0,1.0
P_1-3_4775,P_1-3_3410,60.50000000000059,6482.0,1.0
P_1-1-pt_7760,P_1-3_4168,13.499999999999968,6481.0,1.0
P_1-1-pt_7760,P_1-1-pt_7080,15.59999999999996,6481.0,1.0
P_1-1-pt_7760,P_1-1-veh_792,12.499999999999972,6481.0,1.0
P_1-1-pt_7760,P_1-1-pt_776,16.99999999999997,6481.0,1.0
P_1-1-pt_7760,P_1-1-pt_6273,15.69999999999996,6481.0,1.0
P_1-1-pt_7760,P_1-3_2323,9.599999999999982,6481.0,1.0
P_1-1-pt_7760,P_1-3_3494,45.70000000000038,6481.0,1.0
P_1-1-pt_7760,P_1-1-pt_5897,16.699999999999967,6481.0,1.0
P_1-1-pt_4715,P_1-2_1066,12.199999999999973,6476.0,1.0
P_1-3_1737,P_1-1-pt_8545,8.299999999999986,6476.0,1.0
P_1-1-pt_1039,P_1-2_3488,27.300000000000118,6474.0,0.7649057769539698
P_1-1-pt_1039,P_1-2_2237,16.99999999999997,6474.0,0.7649057769539698
P_1-1-pt_1039,P_1-1-pt_5275,30.400000000000162,6474.0,0.7649057769539698
P_1-1-pt_1039,P_1-1-pt_1700,30.20000000000016,6474.0,0.7649057769539698
P_1-1-pt_1039,P_1-2_1533,13.09999999999997,6474.0,0.7649057769539698
P_1-1-pt_1039,P_1-1-pt_2129,6461.700000005976,6474.0,0.7649057769539698
P_1-2_2598,P_1-1-pt_498,11.199999999999976,6473.0,1.0
P_1-2_2598,P_1-1-pt_2032,13.09999999999997,6473.0,1.0
P_2-1_3390,P_2-1_4267,21.90000000000004,6472.0,1.0
P_2-1_3390,P_1-1-pt_5999,9.199999999999983,6472.0,1.0
P_1-1-pt_3275,P_1-1-pt_494,11.599999999999975,6470.0,1.0
P_1-1-pt_3275,P_1-1-pt_2162,11.699999999999974,6470.0,1.0
P_1-1-pt_3275,P_1-1-pt_5897,16.89999999999997,6470.0,1.0
P_1-1-pt_3275,P_1-1-pt_4671,16.699999999999967,6470.0,1.0
P_1-1-pt_3275,P_1-1-pt_1270,15.99999999999996,6470.0,1.0
P_1-1-pt_3275,P_1-1-pt_4919,16.29999999999996,6470.0,1.0
P_1-1-pt_3275,P_1-1-pt_1304,16.599999999999966,6470.0,1.0
P_1-1-pt_3275,P_1-1-pt_7863,15.59999999999996,6470.0,1.0
P_1-1-pt_3275,P_1-1-pt_5193,15.79999999999996,6470.0,1.0
P_1-1-pt_3275,P_1-1-pt_7325,16.599999999999966,6470.0,1.0
P_1-1-pt_3275,P_1-1-pt_8137,16.699999999999967,6470.0,1.0
P_1-1-pt_3275,P_1-1-pt_8762,15.99999999999996,6470.0,1.0
P_1-1-pt_3275,P_1-1-pt_1138,15.99999999999996,6470.0,1.0
P_1-1-pt_3275,P_1-1-pt_1560,2014.1999999992636,6470.0,1.0
P_1-1-pt_3275,P_1-1-pt_1966,16.499999999999964,6470.0,1.0
P_1-1-pt_3275,P_1-1-pt_4595,17.999999999999986,6470.0,1.0
P_1-1-pt_3275,P_1-1-pt_5906,17.299999999999976,6470.0,1.0
P_1-1-pt_3275,P_1-1-pt_5942,16.99999999999997,6470.0,1.0
P_1-1-pt_4875,P_1-2_168,227.09999999999138,6465.0,1.0
P_1-2_3908,P_2-1_5435,224.49999999999153,6464.0,0.9602413366336634
P_1-2_3908,P_2-1_4331,224.49999999999153,6464.0,0.9602413366336634
P_1-2_3908,P_1-2_2229,224.09999999999155,6464.0,0.9602413366336634
P_1-2_3908,P_1-2_2030,209.3999999999924,6464.0,0.9602413366336634
P_1-2_3908,P_2-1_3376,218.1999999999919,6464.0,0.9602413366336634
P_1-2_3908,P_2-1_6256,304.50000000000074,6464.0,0.9602413366336634
P_1-2_3908,P_1-2_4607,209.89999999999236,6464.0,0.9602413366336634
P_1-2_3908,P_1-1-pt_7104,184.6999999999938,6464.0,0.9602413366336634
P_1-2_3908,P_1-2_4886,208.59999999999243,6464.0,0.9602413366336634
P_1-2_4940,P_1-1-pt_3489,9.199999999999983,6464.0,1.0
P_1-2_4940,P_2-1_2925,6.999999999999991,6464.0,1.0
P_1-2_4940,P_1-1-pt_6453,34.40000000000022,6464.0,1.0
P_1-2_4940,P_1-1-pt_5666,8.299999999999986,6464.0,1.0
P_1-2_4940,P_1-1-pt_5167,9.599999999999982,6464.0,1.0
P_1-2_4940,P_1-1-pt_1747,4.100000000000001,6464.0,1.0
P_1-2_4940,P_1-1-pt_98,4.4,6464.0,1.0
P_1-2_4940,P_1-1-pt_3207,4.5,6464.0,1.0
P_1-2_4940,P_1-1-pt_3671,4.5,6464.0,1.0
P_1-2_4940,P_2-1_4267,2.0000000000000004,6464.0,1.0
P_1-1-pt_2032,P_1-1-pt_7938,15.79999999999996,6461.0,1.0
P_1-1-pt_2032,P_1-1-pt_498,15.59999999999996,6461.0,1.0
P_1-1-pt_2032,P_1-2_609,13.899999999999967,6461.0,1.0
P_1-1-pt_2032,P_1-2_2598,13.09999999999997,6461.0,1.0
P_2-1_3764,P_1-1-pt_6974,5.299999999999997,6460.0,1.0
P_2-1_3764,P_1-1-pt_494,15.299999999999962,6460.0,1.0
P_2-1_3764,P_1-1-pt_2162,15.299999999999962,6460.0,1.0
P_2-1_3764,P_1-1-pt_3409,3.4000000000000017,6460.0,1.0
P_1-1-pt_2431,P_1-2_4329,20.200000000000017,6458.0,1.0
P_1-1-pt_2431,P_1-1-pt_5139,15.69999999999996,6458.0,1.0
P_1-1-pt_2431,P_1-1-pt_1006,15.199999999999962,6458.0,1.0
P_1-1-pt_2431,P_1-1-pt_1167,14.699999999999964,6458.0,1.0
P_1-1-pt_2431,P_1-1-pt_3931,27.600000000000122,6458.0,1.0
P_1-1-pt_2431,P_1-3_1604,30.500000000000163,6458.0,1.0
P_1-1-pt_2431,P_2-1_6236,15.59999999999996,6458.0,1.0
P_1-1-pt_7763,P_1-1-pt_6273,13.599999999999968,6435.0,1.0
P_1-1-pt_7763,P_1-1-pt_7142,14.599999999999964,6435.0,1.0
P_1-1-pt_2863,P_1-1-pt_7938,15.499999999999961,6429.0,1.0
P_1-1-pt_2863,P_1-1-pt_3931,15.69999999999996,6429.0,1.0
P_1-1-pt_2863,P_1-1-pt_8969,15.199999999999962,6429.0,1.0
P_1-1-pt_2863,P_1-2_1658,8.999999999999984,6429.0,1.0
P_1-3_80,P_2-1_2987,15.199999999999962,6418.0,1.0
P_1-1-pt_1238,P_1-3_3457,11.699999999999974,6403.0,1.0
P_1-1-pt_1238,P_1-1-pt_6297,19.300000000000004,6403.0,1.0
P_1-1-pt_1238,P_1-1-pt_6031,16.79999999999997,6403.0,1.0
P_1-1-pt_1238,P_1-1-pt_255,16.79999999999997,6403.0,1.0
P_1-1-pt_1238,P_1-1-pt_1108,16.79999999999997,6403.0,1.0
P_1-1-pt_1238,P_1-1-veh_792,7.29999999999999,6403.0,1.0
P_1-1-pt_1238,P_1-1-pt_494,16.499999999999964,6403.0,1.0
P_1-1-pt_1238,P_1-1-pt_2162,16.499999999999964,6403.0,1.0
P_1-1-pt_1238,P_1-1-pt_5897,16.599999999999966,6403.0,1.0
P_1-1-pt_1238,P_1-1-pt_3769,16.499999999999964,6403.0,1.0
P_1-1-pt_1238,P_1-1-pt_4671,16.499999999999964,6403.0,1.0
P_1-1-pt_1238,P_1-1-pt_1270,16.599999999999966,6403.0,1.0
P_1-1-pt_1238,P_1-1-pt_4919,15.69999999999996,6403.0,1.0
P_1-1-pt_1238,P_1-1-pt_1304,16.19999999999996,6403.0,1.0
P_1-1-pt_1238,P_1-1-pt_8545,16.599999999999966,6403.0,1.0
P_1-1-pt_1238,P_1-2_2702,30.500000000000163,6403.0,1.0
P_1-1-veh_246,P_1-1-pt_1173,132.69999999999675,6398.0,1.0
P_1-1-pt_7142,P_1-1-pt_6538,265.39999999999185,6394.0,1.0
P_1-1-pt_7142,P_1-1-veh_234,19.900000000000013,6394.0,1.0
P_1-1-pt_7142,P_1-1-pt_776,12.199999999999973,6394.0,1.0
P_1-1-pt_7142,P_1-1-pt_1226,23.000000000000057,6394.0,1.0
P_1-1-pt_7142,P_1-1-veh_65,26.600000000000108,6394.0,1.0
P_1-1-pt_7142,P_1-2_2715,14.599999999999964,6394.0,1.0
P_1-1-pt_7142,P_1-1-pt_7763,14.599999999999964,6394.0,1.0
P_1-1-pt_7142,P_1-3_2323,18.799999999999997,6394.0,1.0
P_1-1-pt_7142,P_1-3_528,18.9,6394.0,1.0
P_1-1-pt_8762,P_1-1-pt_1298,16.599999999999966,6386.0,0.9915440025054807
P_1-1-pt_8762,P_1-1-pt_3571,15.099999999999962,6386.0,0.9915440025054807
P_1-1-pt_8762,P_1-1-pt_1138,2036.3999999992434,6386.0,0.9915440025054807
P_1-1-pt_8762,P_1-1-pt_3275,15.99999999999996,6386.0,0.9915440025054807
P_1-1-pt_8762,P_1-1-pt_1560,15.89999999999996,6386.0,0.9915440025054807
P_1-1-pt_8762,P_1-1-pt_1966,15.499999999999961,6386.0,0.9915440025054807
P_1-1-pt_8762,P_1-1-pt_4595,16.09999999999996,6386.0,0.9915440025054807
P_1-1-pt_8762,P_1-2_2702,2.2000000000000006,6386.0,0.9915440025054807
P_1-1-pt_8762,P_1-1-pt_5392,29.50000000000015,6386.0,0.9915440025054807
P_1-1-pt_5275,P_1-2_3488,27.40000000000012,6382.0,0.8508304606706362
P_1-1-pt_5275,P_1-2_2237,16.99999999999997,6382.0,0.8508304606706362
P_1-1-pt_5275,P_1-1-pt_2129,30.20000000000016,6382.0,0.8508304606706362
P_1-1-pt_5275,P_1-1-pt_1039,30.400000000000162,6382.0,0.8508304606706362
P_1-1-pt_5275,P_1-1-pt_1700,30.400000000000162,6382.0,0.8508304606706362
P_1-1-pt_1173,P_1-1-veh_246,132.69999999999675,6381.0,1.0
P_1-1-pt_1173,P_1-2_3608,27.700000000000124,6381.0,1.0
P_1-1-pt_6176,P_1-1-pt_6743,2.3000000000000007,6381.0,1.0
P_1-1-pt_6176,P_1-1-pt_5906,17.59999999999998,6381.0,1.0
P_1-1-pt_6176,P_1-1-pt_3916,18.39999999999999,6381.0,1.0
P_1-1-pt_6176,P_1-3_4690,12.99999999999997,6381.0,1.0
P_1-1-pt_6176,P_1-1-pt_7573,15.59999999999996,6381.0,1.0
P_1-1-pt_6176,P_1-1-pt_297,16.89999999999997,6381.0,1.0
P_1-1-pt_6176,P_1-1-pt_4996,17.099999999999973,6381.0,1.0
P_1-2_2422,P_1-3_2076,14.299999999999965,6365.0,1.0
P_1-2_3052,P_1-1-pt_527,15.59999999999996,6365.0,1.0
P_1-2_3052,P_1-1-pt_4595,9.399999999999983,6365.0,1.0
P_1-2_3052,P_1-1-pt_8545,9.299999999999983,6365.0,1.0
P_1-2_3052,P_1-1-pt_1306,4.899999999999999,6365.0,1.0
P_1-2_3052,P_1-2_4208,15.299999999999962,6365.0,1.0
P_1-2_3052,P_1-3_3755,15.299999999999962,6365.0,1.0
P_1-2_1420,P_1-2_4734,61.2000000000006,6363.0,1.0
P_1-2_1420,P_1-2_4206,61.2000000000006,6363.0,1.0
P_1-2_1420,P_1-3_1500,60.800000000000594,6363.0,1.0
P_1-2_1420,P_1-3_3901,61.2000000000006,6363.0,1.0
P_1-2_1420,P_1-3_228,76.9999999999999,6363.0,1.0
P_1-2_1420,P_1-3_3776,61.1000000000006,6363.0,1.0
P_1-2_1420,P_2-1_2161,61.2000000000006,6363.0,1.0
P_1-2_1420,P_1-3_874,30.600000000000165,6363.0,1.0
P_1-2_1420,P_1-3_2454,30.400000000000162,6363.0,1.0
P_1-2_1420,P_1-3_3834,30.400000000000162,6363.0,1.0
P_1-2_1420,P_1-2_3280,15.299999999999962,6363.0,1.0
P_1-2_1420,P_1-3_3046,15.299999999999962,6363.0,1.0
P_1-2_1420,P_1-3_3457,15.299999999999962,6363.0,1.0
P_1-2_1420,P_1-3_4168,15.299999999999962,6363.0,1.0
P_1-2_1420,P_1-3_2053,15.099999999999962,6363.0,1.0
P_1-1-pt_6743,P_1-1-pt_6176,2.3000000000000007,6360.0,1.0
P_1-1-pt_6743,P_1-1-pt_521,46.700000000000394,6360.0,1.0
P_1-1-pt_6743,P_1-1-pt_8280,48.200000000000415,6360.0,1.0
P_1-1-pt_6743,P_1-1-pt_4262,15.299999999999962,6360.0,1.0
P_1-1-pt_6743,P_1-1-pt_3207,50.10000000000044,6360.0,1.0
P_1-1-pt_6743,P_1-1-pt_4879,24.900000000000084,6360.0,1.0
P_1-1-pt_6743,P_1-1-pt_2369,220.09999999999178,6360.0,1.0
P_1-1-pt_6743,P_1-1-pt_5167,46.700000000000394,6360.0,1.0
P_1-1-pt_6743,P_1-1-pt_1747,34.30000000000022,6360.0,1.0
P_1-1-pt_6743,P_1-1-pt_98,16.09999999999996,6360.0,1.0
P_1-1-pt_6743,P_1-1-pt_3671,32.60000000000019,6360.0,1.0
P_1-1-pt_6743,P_2-1_63,9.599999999999982,6360.0,1.0
P_1-1-pt_6743,P_1-2_1612,9.599999999999982,6360.0,1.0
P_1-1-pt_6743,P_1-1-pt_3858,23.000000000000057,6360.0,1.0
P_1-1-pt_6743,P_1-1-veh_610,19.500000000000007,6360.0,1.0
P_1-1-pt_6743,P_1-1-veh_767,13.699999999999967,6360.0,1.0
P_1-1-pt_6743,P_1-2_303,8.399999999999986,6360.0,1.0
P_1-1-pt_6743,P_1-1-pt_2880,15.199999999999962,6360.0,1.0
P_1-1-pt_6743,P_1-1-pt_571,15.299999999999962,6360.0,1.0
P_1-1-pt_6743,P_1-1-pt_3230,15.399999999999961,6360.0,1.0
P_1-1-pt_5199,P_1-1-pt_4996,33.1000000000002,6359.0,1.0
P_1-1-pt_5199,P_1-1-pt_3386,16.399999999999963,6359.0,1.0
P_1-1-pt_5199,P_1-1-pt_3067,32.20000000000019,6359.0,1.0
P_1-1-pt_5199,P_1-1-veh_767,21.80000000000004,6359.0,1.0
P_1-1-pt_5199,P_1-1-pt_776,18.799999999999997,6359.0,1.0
P_1-1-pt_5199,P_1-1-pt_1226,16.699999999999967,6359.0,1.0
P_1-1-pt_5199,P_1-1-pt_6931,16.399999999999963,6359.0,1.0
P_1-1-pt_5199,P_1-1-pt_6031,19.500000000000007,6359.0,1.0
P_1-1-pt_5199,P_1-1-pt_6413,16.89999999999997,6359.0,1.0
P_1-1-pt_5199,P_1-1-pt_1296,17.199999999999974,6359.0,1.0
P_1-1-pt_1296,P_1-2_1017,12.199999999999973,6354.0,1.0
P_1-1-pt_1296,P_1-1-pt_2834,17.799999999999983,6354.0,1.0
P_1-1-pt_1296,P_1-1-pt_5199,17.199999999999974,6354.0,1.0
P_1-1-pt_1296,P_1-1-pt_3097,17.299999999999976,6354.0,1.0
P_1-1-pt_1296,P_1-1-pt_761,16.89999999999997,6354.0,1.0
P_1-1-pt_1296,P_1-1-pt_5666,29.400000000000148,6354.0,1.0
P_1-1-pt_1296,P_1-1-pt_1473,16.89999999999997,6354.0,1.0
P_1-2_2554,P_1-3_3579,14.399999999999965,6340.0,1.0
P_1-2_2554,P_1-1-pt_1304,23.20000000000006,6340.0,1.0
P_1-2_2554,P_1-1-pt_8137,23.20000000000006,6340.0,1.0
P_1-1-pt_1298,P_1-1-pt_4671,15.299999999999962,6335.0,1.0
P_1-1-pt_1298,P_1-1-pt_8762,16.599999999999966,6335.0,1.0
P_1-1-pt_1298,P_1-1-pt_1798,15.199999999999962,6335.0,1.0
P_1-3_3132,P_1-2_1805,15.099999999999962,6333.0,1.0
P_1-1-pt_1966,P_1-1-pt_6031,16.399999999999963,6326.0,1.0
P_1-1-pt_1966,P_1-1-pt_255,16.399999999999963,6326.0,1.0
P_1-1-pt_1966,P_1-1-pt_1108,16.29999999999996,6326.0,1.0
P_1-1-pt_1966,P_1-1-pt_494,16.699999999999967,6326.0,1.0
P_1-1-pt_1966,P_1-1-pt_2162,16.79999999999997,6326.0,1.0
P_1-1-pt_1966,P_1-1-pt_5897,16.499999999999964,6326.0,1.0
P_1-1-pt_1966,P_1-1-pt_4671,16.699999999999967,6326.0,1.0
P_1-1-pt_1966,P_1-1-pt_4919,15.399999999999961,6326.0,1.0
P_1-1-pt_1966,P_1-1-pt_1270,15.99999999999996,6326.0,1.0
P_1-1-pt_1966,P_1-1-pt_1304,21.600000000000037,6326.0,1.0
P_1-1-pt_1966,P_1-1-pt_7863,16.599999999999966,6326.0,1.0
P_1-1-pt_1966,P_1-1-pt_5193,16.599999999999966,6326.0,1.0
P_1-1-pt_1966,P_1-1-pt_7325,16.699999999999967,6326.0,1.0
P_1-1-pt_1966,P_1-1-pt_8137,16.599999999999966,6326.0,1.0
P_1-1-pt_1966,P_1-1-pt_8762,15.499999999999961,6326.0,1.0
P_1-1-pt_1966,P_1-1-pt_1138,15.89999999999996,6326.0,1.0
P_1-1-pt_1966,P_1-1-pt_654,6.099999999999994,6326.0,1.0
P_1-1-pt_1966,P_1-1-pt_3275,16.499999999999964,6326.0,1.0
P_1-1-pt_4736,P_1-1-pt_2369,64.40000000000062,6324.0,1.0
P_1-1-pt_4736,P_1-1-pt_5167,50.90000000000045,6324.0,1.0
P_1-1-pt_4736,P_1-1-pt_3858,30.90000000000017,6324.0,1.0
P_1-1-pt_4736,P_1-1-pt_1747,51.40000000000046,6324.0,1.0
P_1-1-pt_4736,P_1-1-pt_3671,340.0000000000088,6324.0,1.0
P_1-1-pt_4736,P_1-1-pt_1497,44.40000000000036,6324.0,1.0
P_1-1-pt_4736,P_1-2_250,18.599999999999994,6324.0,1.0
P_1-1-pt_4736,P_1-1-pt_3207,35.10000000000023,6324.0,1.0
P_1-1-pt_4736,P_1-1-pt_98,17.299999999999976,6324.0,1.0
P_1-1-pt_4736,P_1-1-pt_2920,16.699999999999967,6324.0,1.0
P_1-1-pt_4736,P_1-1-pt_6974,31.60000000000018,6324.0,1.0
P_1-1-pt_4736,P_1-1-pt_8728,15.99999999999996,6324.0,1.0
P_1-1-pt_4736,P_1-1-pt_3230,18.29999999999999,6324.0,1.0
P_1-1-pt_4736,P_1-1-pt_7208,18.39999999999999,6324.0,1.0
P_1-1-pt_4736,P_1-1-pt_571,18.39999999999999,6324.0,1.0
P_1-1-pt_4736,P_1-1-pt_8280,17.399999999999977,6324.0,1.0
P_1-1-pt_4736,P_1-1-pt_2880,35.00000000000023,6324.0,1.0
P_1-3_5354,P_1-2_5020,11.399999999999975,6318.0,1.0
P_1-3_5354,P_2-1_4930,13.999999999999966,6318.0,1.0
P_1-3_5354,P_1-3_4587,15.099999999999962,6318.0,1.0
P_1-3_5354,P_1-3_2076,30.000000000000156,6318.0,1.0
P_1-3_5354,P_1-2_3378,22.60000000000005,6318.0,1.0
P_1-3_5354,P_1-2_3077,22.60000000000005,6318.0,1.0
P_1-3_5354,P_1-2_5092,11.399999999999975,6318.0,1.0
P_1-3_5354,P_1-3_2180,15.199999999999962,6318.0,1.0
P_2-1_2136,P_1-1-pt_2529,13.899999999999967,6315.0,1.0
P_2-1_2136,P_1-1-pt_6297,26.70000000000011,6315.0,1.0
P_2-1_2136,P_1-1-pt_6031,10.499999999999979,6315.0,1.0
P_1-1-pt_6538,P_1-1-pt_7142,265.39999999999185,6300.0,1.0
P_1-1-pt_6538,P_1-1-veh_234,13.699999999999967,6300.0,1.0
P_1-1-pt_6538,P_1-1-pt_5078,14.699999999999964,6300.0,1.0
P_1-1-pt_6538,P_1-1-pt_761,14.699999999999964,6300.0,1.0
P_1-1-pt_5193,P_1-1-pt_3275,15.79999999999996,6293.0,1.0
P_1-1-pt_5193,P_1-1-pt_1560,15.59999999999996,6293.0,1.0
P_1-1-pt_5193,P_1-1-pt_1966,16.599999999999966,6293.0,1.0
P_1-1-pt_5193,P_1-1-pt_5906,16.399999999999963,6293.0,1.0
P_1-1-pt_5193,P_1-1-pt_1226,16.29999999999996,6293.0,1.0
P_1-1-pt_5193,P_1-1-pt_3624,15.59999999999996,6293.0,1.0
P_1-1-pt_5193,P_1-1-veh_792,10.999999999999977,6293.0,1.0
P_1-1-pt_5193,P_1-1-pt_6453,15.299999999999962,6293.0,1.0
P_1-1-pt_5193,P_1-1-pt_8545,1854.299999999409,6293.0,1.0
P_1-3_4666,P_1-2_4791,14.299999999999965,6291.0,1.0
P_1-1-veh_407,P_1-1-pt_6516,13.799999999999967,6288.0,1.0
P_1-3_3793,P_1-3_2278,14.599999999999964,6285.0,1.0
P_1-3_3793,P_1-3_870,15.199999999999962,6285.0,1.0
P_1-2_4098,P_1-2_3716,23.90000000000007,6284.0,1.0
P_1-1-pt_6292,P_1-2_5428,3357.8999999980415,6282.0,0.7809614772365489
P_1-3_1027,P_1-1-pt_5139,24.60000000000008,6279.0,1.0
P_1-2_1533,P_1-2_4791,14.299999999999965,6275.0,1.0
P_1-2_1533,P_1-3_5578,14.099999999999966,6275.0,1.0
P_1-2_1533,P_1-3_635,14.199999999999966,6275.0,1.0
P_1-2_1533,P_1-1-pt_2129,28.700000000000138,6275.0,1.0
P_1-2_1533,P_1-1-pt_1039,13.09999999999997,6275.0,1.0
P_1-3_228,P_1-2_4734,60.900000000000595,6268.0,1.0
P_1-3_228,P_1-2_4206,61.0000000000006,6268.0,1.0
P_1-3_228,P_1-3_1500,60.800000000000594,6268.0,1.0
P_1-3_228,P_1-3_3901,61.0000000000006,6268.0,1.0
P_1-3_228,P_1-2_1420,76.9999999999999,6268.0,1.0
P_1-3_228,P_1-3_3776,60.900000000000595,6268.0,1.0
P_1-3_228,P_2-1_2161,60.900000000000595,6268.0,1.0
P_1-3_228,P_1-3_874,30.500000000000163,6268.0,1.0
P_1-3_228,P_1-3_2454,30.400000000000162,6268.0,1.0
P_1-3_228,P_1-3_3834,30.400000000000162,6268.0,1.0
P_1-3_228,P_1-2_3280,15.299999999999962,6268.0,1.0
P_1-3_228,P_1-3_3046,15.299999999999962,6268.0,1.0
P_1-3_228,P_1-3_3457,15.299999999999962,6268.0,1.0
P_1-3_228,P_1-3_4168,15.199999999999962,6268.0,1.0
P_1-3_228,P_1-3_2053,15.199999999999962,6268.0,1.0
P_1-2_5752,P_1-2_3821,184.19999999999382,6265.0,1.0
P_1-2_5752,P_1-2_2580,185.99999999999372,6265.0,1.0
P_1-2_5752,P_1-3_4738,185.09999999999377,6265.0,1.0
P_1-2_5752,P_1-2_3464,169.39999999999466,6265.0,1.0
P_1-2_5752,P_1-2_2797,170.09999999999462,6265.0,1.0
P_1-2_5752,P_1-1-veh_837,169.99999999999463,6265.0,1.0
P_1-2_5752,P_2-1_2028,116.79999999999764,6265.0,1.0
P_1-1-pt_2425,P_1-2_1285,2552.699999998774,6264.0,1.0
P_1-1-pt_2425,P_2-1_2911,1065.6000000001263,6264.0,1.0
P_1-1-pt_2425,P_1-1-pt_1601,15.299999999999962,6264.0,1.0
P_1-3_990,P_1-1-veh_152,1.5000000000000002,6262.0,1.0
P_1-3_990,P_1-2_1017,18.39999999999999,6262.0,1.0
P_1-3_990,P_1-2_2543,31.60000000000018,6262.0,1.0
P_1-1-pt_1167,P_1-2_4329,15.59999999999996,6258.0,1.0
P_1-1-pt_1167,P_1-1-pt_2431,14.699999999999964,6258.0,1.0
P_1-1-pt_5241,P_1-2_3693,11.699999999999974,6257.0,1.0
P_1-1-pt_5241,P_1-2_568,1576.9999999996612,6257.0,1.0
P_1-1-veh_152,P_1-3_990,1.5000000000000002,6257.0,1.0
P_1-1-veh_152,P_1-1-pt_4262,12.499999999999972,6257.0,1.0
P_1-3_874,P_1-1-pt_560,290.7999999999976,6253.0,1.0
P_1-3_874,P_1-2_4734,30.500000000000163,6253.0,1.0
P_1-3_874,P_1-2_4206,30.400000000000162,6253.0,1.0
P_1-3_874,P_1-3_1500,30.30000000000016,6253.0,1.0
P_1-3_874,P_1-3_3901,30.500000000000163,6253.0,1.0
P_1-3_874,P_1-2_1420,30.600000000000165,6253.0,1.0
P_1-3_874,P_1-3_228,30.500000000000163,6253.0,1.0
P_1-3_874,P_1-3_3776,45.80000000000038,6253.0,1.0
P_1-3_874,P_2-1_2161,45.80000000000038,6253.0,1.0
P_1-3_874,P_1-3_2454,15.199999999999962,6253.0,1.0
P_1-3_874,P_1-3_3834,30.30000000000016,6253.0,1.0
P_1-1-pt_5897,P_1-1-pt_3275,16.89999999999997,6252.0,1.0
P_1-1-pt_5897,P_1-1-pt_1560,16.79999999999997,6252.0,1.0
P_1-1-pt_5897,P_1-1-pt_1966,16.499999999999964,6252.0,1.0
P_1-1-pt_5897,P_1-1-pt_5906,16.19999999999996,6252.0,1.0
P_1-1-pt_5897,P_1-1-pt_1238,16.599999999999966,6252.0,1.0
P_1-1-pt_5897,P_1-1-pt_3916,16.499999999999964,6252.0,1.0
P_1-1-pt_5897,P_1-1-pt_1226,16.399999999999963,6252.0,1.0
P_1-1-pt_5897,P_1-1-pt_3409,15.59999999999996,6252.0,1.0
P_1-1-pt_5897,P_1-1-pt_3624,15.79999999999996,6252.0,1.0
P_1-1-pt_5897,P_1-1-veh_792,18.19999999999999,6252.0,1.0
P_1-1-pt_5897,P_1-1-pt_1473,18.099999999999987,6252.0,1.0
P_1-1-pt_5897,P_1-1-pt_6297,16.699999999999967,6252.0,1.0
P_1-1-pt_5897,P_1-1-pt_3769,2233.2999999990643,6252.0,1.0
P_1-1-pt_5897,P_1-1-pt_7760,16.699999999999967,6252.0,1.0
P_1-3_5451,P_1-1-pt_8085,233.599999999991,6252.0,1.0
P_1-3_5451,P_1-1-pt_1601,14.099999999999966,6252.0,1.0
P_2-1_3664,P_1-2_2215,18.19999999999999,6250.0,1.0
P_2-1_3664,P_1-3_2180,15.79999999999996,6250.0,1.0
P_2-1_2925,P_1-1-pt_1329,10.499999999999979,6246.0,0.8528658341338456
P_2-1_2925,P_1-1-pt_4879,12.199999999999973,6246.0,0.8528658341338456
P_2-1_2925,P_1-1-pt_6453,15.499999999999961,6246.0,0.8528658341338456
P_2-1_2925,P_1-2_4940,6.999999999999991,6246.0,0.8528658341338456
P_2-1_2925,P_1-1-pt_494,15.199999999999962,6246.0,0.8528658341338456
P_2-1_2925,P_1-1-pt_2162,15.099999999999962,6246.0,0.8528658341338456
P_1-1-pt_3671,P_1-1-pt_5167,352.00000000001154,6243.0,0.948742591702707
P_1-1-pt_3671,P_1-1-pt_1747,329.10000000000633,6243.0,0.948742591702707
P_1-1-pt_3671,P_1-1-pt_4262,194.69999999999322,6243.0,0.948742591702707
P_1-1-pt_3671,P_1-1-pt_6974,283.0999999999959,6243.0,0.948742591702707
P_1-1-pt_3671,P_1-1-pt_98,189.19999999999354,6243.0,0.948742591702707
P_1-1-pt_3671,P_1-1-pt_3207,83.39999999999954,6243.0,0.948742591702707
P_1-1-pt_3671,P_1-1-pt_1497,95.29999999999886,6243.0,0.948742591702707
P_1-1-pt_3671,P_1-1-pt_6743,32.60000000000019,6243.0,0.948742591702707
P_1-1-pt_3671,P_1-1-pt_3858,93.89999999999894,6243.0,0.948742591702707
P_1-1-pt_3671,P_1-1-pt_4736,340.0000000000088,6243.0,0.948742591702707
P_1-1-pt_3671,P_1-1-pt_521,82.49999999999959,6243.0,0.948742591702707
P_1-1-pt_3671,P_1-1-pt_2920,16.99999999999997,6243.0,0.948742591702707
P_1-1-pt_3671,P_1-2_4940,4.5,6243.0,0.948742591702707
P_1-1-pt_3671,P_1-1-pt_2880,35.20000000000023,6243.0,0.948742591702707
P_1-1-pt_3671,P_1-1-pt_7915,10.799999999999978,6243.0,0.948742591702707
P_1-1-pt_3671,P_1-1-pt_7573,18.39999999999999,6243.0,0.948742591702707
P_1-1-pt_3671,P_1-1-veh_767,9.89999999999998,6243.0,0.948742591702707
P_1-1-pt_3671,P_1-1-pt_2013,16.499999999999964,6243.0,0.948742591702707
P_1-1-pt_8611,P_1-2_2473,4.999999999999998,6238.0,0.8917922411029175
P_1-1-pt_8611,P_1-2_4249,15.099999999999962,6238.0,0.8917922411029175
P_1-1-pt_8611,P_1-3_2424,14.099999999999966,6238.0,0.8917922411029175
P_1-3_3076,P_1-1-pt_1723,12.299999999999972,6237.0,1.0
P_1-3_3076,P_1-3_743,30.500000000000163,6237.0,1.0
P_1-3_3076,P_1-3_2599,15.199999999999962,6237.0,1.0
P_1-3_3076,P_1-2_5745,15.099999999999962,6237.0,1.0
P_1-3_3076,P_1-1-pt_8289,13.799999999999967,6237.0,1.0
P_1-3_3076,P_1-1-pt_8735,13.799999999999967,6237.0,1.0
P_1-3_3076,P_1-2_4266,15.099999999999962,6237.0,1.0
P_1-3_3076,P_1-2_5753,15.099999999999962,6237.0,1.0
P_1-3_3076,P_1-1-pt_182,13.799999999999967,6237.0,1.0
P_1-3_3076,P_1-3_4289,15.199999999999962,6237.0,1.0
P_1-1-pt_8068,P_1-3_5578,13.399999999999968,6233.0,1.0
P_1-1-pt_8068,P_1-1-pt_6031,36.200000000000244,6233.0,1.0
P_2-1_3058,P_1-1-pt_2961,9.499999999999982,6226.0,1.0
P_2-1_3058,P_1-3_2180,15.69999999999996,6226.0,1.0
P_2-1_1463,P_1-2_4853,15.499999999999961,6223.0,1.0
P_2-1_1463,P_2-1_6130,16.09999999999996,6223.0,1.0
P_1-3_2076,P_1-2_3378,21.70000000000004,6219.0,1.0
P_1-3_2076,P_1-2_3077,22.60000000000005,6219.0,1.0
P_1-3_2076,P_1-3_2180,308.00000000000153,6219.0,1.0
P_1-3_2076,P_1-2_5020,22.40000000000005,6219.0,1.0
P_1-3_2076,P_1-2_2422,14.299999999999965,6219.0,1.0
P_1-3_2076,P_1-2_5092,22.60000000000005,6219.0,1.0
P_1-3_2076,P_1-3_5354,30.000000000000156,6219.0,1.0
P_1-3_2076,P_1-3_4587,14.999999999999963,6219.0,1.0
P_1-3_5020,P_1-1-pt_2342,12.399999999999972,6218.0,1.0
P_1-3_5020,P_1-3_4291,30.600000000000165,6218.0,1.0
P_1-3_5020,P_1-2_2215,30.500000000000163,6218.0,1.0
P_1-2_1658,P_1-1-pt_2863,8.999999999999984,6216.0,1.0
P_1-1-pt_6516,P_1-1-pt_8968,10.29999999999998,6210.0,1.0
P_1-1-pt_6516,P_1-2_829,13.699999999999967,6210.0,1.0
P_1-1-pt_6516,P_1-1-veh_407,13.799999999999967,6210.0,1.0
P_1-2_2061,P_1-1-pt_841,15.89999999999996,6199.0,1.0
P_1-2_2061,P_1-1-pt_8085,15.299999999999962,6199.0,1.0
P_1-2_505,P_1-1-pt_2529,9.099999999999984,6196.0,1.0
P_1-2_505,P_1-1-pt_4901,58.40000000000056,6196.0,1.0
P_1-3_2985,P_1-1-pt_7732,12.199999999999973,6191.0,1.0
P_1-3_2985,P_1-1-pt_5115,9.299999999999983,6191.0,1.0
P_1-3_2985,P_1-2_3386,11.399999999999975,6191.0,1.0
P_1-3_2985,P_1-2_3575,14.299999999999965,6191.0,1.0
P_1-2_2613,P_1-2_3693,2.9000000000000012,6190.0,1.0
P_2-1_3944,P_1-2_4388,30.400000000000162,6190.0,1.0
P_2-1_5841,P_2-1_2293,2.1000000000000005,6190.0,1.0
P_2-1_5841,P_1-2_163,5.999999999999995,6190.0,1.0
P_1-1-pt_8280,P_1-1-pt_6743,48.200000000000415,6185.0,0.8753435731608731
P_1-1-pt_8280,P_1-1-pt_2880,48.60000000000042,6185.0,0.8753435731608731
P_1-1-pt_8280,P_1-1-pt_521,65.40000000000056,6185.0,0.8753435731608731
P_1-1-pt_8280,P_1-1-pt_3207,64.7000000000006,6185.0,0.8753435731608731
P_1-1-pt_8280,P_1-1-pt_571,32.800000000000196,6185.0,0.8753435731608731
P_1-1-pt_8280,P_1-1-pt_3230,33.3000000000002,6185.0,0.8753435731608731
P_1-1-pt_8280,P_1-1-pt_5666,30.500000000000163,6185.0,0.8753435731608731
P_1-1-pt_8280,P_1-1-veh_610,12.099999999999973,6185.0,0.8753435731608731
P_1-1-pt_8280,P_1-1-pt_2369,16.19999999999996,6185.0,0.8753435731608731
P_1-1-pt_8280,P_1-1-veh_767,12.099999999999973,6185.0,0.8753435731608731
P_1-1-pt_8280,P_1-1-pt_4736,17.399999999999977,6185.0,0.8753435731608731
P_1-2_5020,P_1-3_5354,11.399999999999975,6183.0,1.0
P_1-2_5020,P_1-3_2180,11.399999999999975,6183.0,1.0
P_1-2_5020,P_1-3_2076,22.40000000000005,6183.0,1.0
P_1-2_5020,P_1-2_3378,30.400000000000162,6183.0,1.0
P_1-2_5020,P_1-2_3077,29.60000000000015,6183.0,1.0
P_1-2_5020,P_1-2_5092,15.199999999999962,6183.0,1.0
P_1-2_5020,P_1-3_4587,11.299999999999976,6183.0,1.0
P_1-2_5020,P_1-2_5927,14.699999999999964,6183.0,1.0
P_1-2_5020,P_1-2_3214,14.099999999999966,6183.0,1.0
P_1-1-pt_6381,P_1-1-pt_7277,15.399999999999961,6181.0,1.0
P_1-1-pt_6381,P_2-1_2293,15.499999999999961,6181.0,1.0
P_1-1-pt_6381,P_1-1-pt_1669,14.799999999999963,6181.0,1.0
P_1-2_3464,P_1-2_3821,184.7999999999938,6174.0,0.7410106899902819
P_1-2_3464,P_1-2_2580,184.7999999999938,6174.0,0.7410106899902819
P_1-2_3464,P_1-3_4738,184.89999999999378,6174.0,0.7410106899902819
P_1-2_3464,P_1-2_5752,169.39999999999466,6174.0,0.7410106899902819
P_1-2_3464,P_1-2_2797,169.39999999999466,6174.0,0.7410106899902819
P_1-2_3464,P_1-1-veh_837,169.59999999999465,6174.0,0.7410106899902819
P_1-2_3464,P_2-1_2028,108.09999999999813,6174.0,0.7410106899902819
P_1-1-pt_3097,P_1-1-pt_4996,32.000000000000185,6173.0,1.0
P_1-1-pt_3097,P_1-1-pt_3386,17.69999999999998,6173.0,1.0
P_1-1-pt_3097,P_1-1-pt_3067,32.50000000000019,6173.0,1.0
P_1-1-pt_3097,P_1-1-pt_3916,16.99999999999997,6173.0,1.0
P_1-1-pt_3097,P_1-1-pt_255,16.599999999999966,6173.0,1.0
P_1-1-pt_3097,P_1-1-pt_6413,16.79999999999997,6173.0,1.0
P_1-1-pt_3097,P_1-1-pt_1296,17.299999999999976,6173.0,1.0
P_1-1-pt_3097,P_1-1-pt_2834,17.799999999999983,6173.0,1.0
P_1-1-pt_3097,P_1-3_2221,40.2000000000003,6173.0,1.0
P_1-1-pt_1306,P_1-2_3413,1953.4999999993188,6172.0,1.0
P_1-1-pt_1306,P_1-1-pt_6368,37.80000000000027,6172.0,1.0
P_1-1-pt_1306,P_1-2_3052,4.899999999999999,6172.0,1.0
P_1-1-pt_1306,P_1-2_4208,28.600000000000136,6172.0,1.0
P_1-1-pt_1306,P_1-3_3755,30.20000000000016,6172.0,1.0
P_2-1_1609,P_1-2_5369,60.40000000000059,6168.0,1.0
P_1-1-pt_8968,P_1-1-pt_6516,10.29999999999998,6159.0,0.9935054391946745
P_1-1-pt_8968,P_1-1-pt_2961,34.60000000000022,6159.0,0.9935054391946745
P_1-2_3590,P_1-1-pt_3931,12.89999999999997,6158.0,1.0
P_1-2_3590,P_1-1-pt_3353,13.699999999999967,6158.0,1.0
P_1-1-pt_1420,P_1-1-pt_4262,16.09999999999996,6156.0,1.0
P_1-1-pt_1420,P_1-2_2795,1592.1999999996474,6156.0,1.0
P_1-1-pt_1420,P_1-1-pt_8247,1018.0000000001629,6156.0,1.0
P_1-1-pt_4645,P_1-2_593,76.69999999999992,6155.0,1.0
P_1-1-pt_4645,P_1-2_5943,788.1000000001106,6155.0,1.0
P_1-2_4962,P_1-1-pt_527,1941.8999999993293,6155.0,1.0
P_1-2_3708,P_1-2_168,15.099999999999962,6144.0,1.0
P_1-1-pt_6358,P_1-2_829,196.49999999999312,6143.0,1.0
P_1-1-pt_6358,P_2-1_4232,70.70000000000026,6143.0,1.0
P_1-1-pt_5666,P_1-1-pt_571,30.700000000000166,6142.0,1.0
P_1-1-pt_5666,P_1-1-pt_3230,30.500000000000163,6142.0,1.0
P_1-1-pt_5666,P_1-1-pt_8280,30.500000000000163,6142.0,1.0
P_1-1-pt_5666,P_1-1-pt_521,33.3000000000002,6142.0,1.0
P_1-1-pt_5666,P_1-1-pt_4879,39.20000000000029,6142.0,1.0
P_1-1-pt_5666,P_1-1-pt_3207,576.6000000000626,6142.0,1.0
P_1-1-pt_5666,P_1-1-pt_1497,68.40000000000039,6142.0,1.0
P_1-1-pt_5666,P_1-1-pt_2920,15.69999999999996,6142.0,1.0
P_1-1-pt_5666,P_1-2_4940,8.299999999999986,6142.0,1.0
P_1-1-pt_5666,P_1-1-veh_610,13.999999999999966,6142.0,1.0
P_1-1-pt_5666,P_1-1-veh_767,13.899999999999967,6142.0,1.0
P_1-1-pt_5666,P_1-2_303,8.499999999999986,6142.0,1.0
P_1-1-pt_5666,P_1-1-pt_1296,29.400000000000148,6142.0,1.0
P_1-1-pt_182,P_1-3_743,27.40000000000012,6141.0,1.0
P_1-1-pt_182,P_1-1-pt_1723,31.500000000000178,6141.0,1.0
P_1-1-pt_182,P_1-3_2599,13.699999999999967,6141.0,1.0
P_1-1-pt_182,P_1-2_5745,13.799999999999967,6141.0,1.0
P_1-1-pt_182,P_1-1-pt_8289,15.099999999999962,6141.0,1.0
P_1-1-pt_182,P_1-1-pt_8735,15.199999999999962,6141.0,1.0
P_1-1-pt_182,P_1-2_4266,13.09999999999997,6141.0,1.0
P_1-1-pt_182,P_1-3_3076,13.799999999999967,6141.0,1.0
P_1-1-pt_182,P_1-2_5753,13.799999999999967,6141.0,1.0
P_1-1-pt_182,P_1-3_4289,13.699999999999967,6141.0,1.0
P_1-1-pt_182,P_1-1-veh_834,13.699999999999967,6141.0,1.0
P_1-2_1025,P_1-3_2482,23.90000000000007,6139.0,1.0
P_1-1-pt_2920,P_1-1-pt_521,16.599999999999966,6124.0,1.0
P_1-1-pt_2920,P_1-1-pt_5666,15.69999999999996,6124.0,1.0
P_1-1-pt_2920,P_1-1-pt_4736,16.699999999999967,6124.0,1.0
P_1-1-pt_2920,P_1-1-pt_6974,93.49999999999896,6124.0,1.0
P_1-1-pt_2920,P_1-1-pt_5167,16.29999999999996,6124.0,1.0
P_1-1-pt_2920,P_1-1-pt_1747,16.29999999999996,6124.0,1.0
P_1-1-pt_2920,P_1-1-pt_98,16.599999999999966,6124.0,1.0
P_1-1-pt_2920,P_1-1-pt_3207,15.99999999999996,6124.0,1.0
P_1-1-pt_2920,P_1-1-pt_3671,16.99999999999997,6124.0,1.0
P_1-1-pt_2920,P_1-1-pt_1497,15.399999999999961,6124.0,1.0
P_1-1-pt_2920,P_1-1-pt_6673,15.299999999999962,6124.0,1.0
P_1-2_2335,P_1-3_283,154.19999999999553,6121.0,1.0
P_1-2_4607,P_1-2_2229,208.59999999999243,6110.0,1.0
P_1-2_4607,P_1-2_2030,209.2999999999924,6110.0,1.0
P_1-2_4607,P_2-1_3376,209.0999999999924,6110.0,1.0
P_1-2_4607,P_2-1_6256,209.49999999999238,6110.0,1.0
P_1-2_4607,P_1-2_3908,209.89999999999236,6110.0,1.0
P_1-2_4607,P_2-1_5435,209.1999999999924,6110.0,1.0
P_1-2_4607,P_1-1-pt_7104,175.5999999999943,6110.0,1.0
P_1-2_4607,P_1-2_4886,193.5999999999933,6110.0,1.0
P_1-2_4607,P_2-1_4331,1051.5000000001392,6110.0,1.0
P_1-1-pt_2834,P_1-1-pt_4996,44.40000000000036,6107.0,1.0
P_1-1-pt_2834,P_1-1-pt_3386,16.29999999999996,6107.0,1.0
P_1-1-pt_2834,P_1-1-pt_3067,15.299999999999962,6107.0,1.0
P_1-1-pt_2834,P_1-1-pt_1296,17.799999999999983,6107.0,1.0
P_1-1-pt_2834,P_1-1-pt_3097,17.799999999999983,6107.0,1.0
P_1-2_1805,P_1-3_3132,15.099999999999962,6105.0,1.0
P_1-3_3776,P_1-2_4734,61.1000000000006,6101.0,1.0
P_1-3_3776,P_1-2_4206,61.2000000000006,6101.0,1.0
P_1-3_3776,P_1-3_1500,60.800000000000594,6101.0,1.0
P_1-3_3776,P_1-3_3901,61.0000000000006,6101.0,1.0
P_1-3_3776,P_1-2_1420,61.1000000000006,6101.0,1.0
P_1-3_3776,P_1-3_228,60.900000000000595,6101.0,1.0
P_1-3_3776,P_2-1_2161,45.90000000000038,6101.0,1.0
P_1-3_3776,P_1-3_874,45.80000000000038,6101.0,1.0
P_1-3_3776,P_1-3_2454,30.500000000000163,6101.0,1.0
P_1-3_3776,P_1-3_3834,45.70000000000038,6101.0,1.0
P_1-3_3776,P_1-2_3280,15.299999999999962,6101.0,1.0
P_1-3_3776,P_1-3_3046,15.299999999999962,6101.0,1.0
P_1-3_3776,P_1-3_3457,15.299999999999962,6101.0,1.0
P_1-3_3776,P_1-3_4168,15.299999999999962,6101.0,1.0
P_1-3_3776,P_1-3_2053,15.199999999999962,6101.0,1.0
P_1-3_4124,P_1-3_2421,27.200000000000117,6101.0,0.8990329454187838
P_1-3_4124,P_1-2_171,8.799999999999985,6101.0,0.8990329454187838
P_1-3_4124,P_1-2_4285,15.59999999999996,6101.0,0.8990329454187838
P_1-3_2599,P_1-2_5745,31.100000000000172,6099.0,1.0
P_1-3_2599,P_1-1-pt_498,12.599999999999971,6099.0,1.0
P_1-3_2599,P_1-1-pt_1723,12.399999999999972,6099.0,1.0
P_1-3_2599,P_1-1-veh_834,15.299999999999962,6099.0,1.0
P_1-3_2599,P_1-3_743,30.30000000000016,6099.0,1.0
P_1-3_2599,P_1-1-pt_8289,13.799999999999967,6099.0,1.0
P_1-3_2599,P_1-1-pt_8735,27.300000000000118,6099.0,1.0
P_1-3_2599,P_1-2_4266,30.30000000000016,6099.0,1.0
P_1-3_2599,P_1-3_3076,15.199999999999962,6099.0,1.0
P_1-3_2599,P_1-2_5753,15.199999999999962,6099.0,1.0
P_1-3_2599,P_1-1-pt_182,13.699999999999967,6099.0,1.0
P_1-3_2599,P_1-3_4289,15.199999999999962,6099.0,1.0
P_1-2_5745,P_1-3_2599,31.100000000000172,6087.0,0.9586002957121735
P_1-2_5745,P_1-1-pt_498,12.499999999999972,6087.0,0.9586002957121735
P_1-2_5745,P_1-1-pt_1723,12.199999999999973,6087.0,0.9586002957121735
P_1-2_5745,P_1-1-veh_834,15.099999999999962,6087.0,0.9586002957121735
P_1-2_5745,P_1-3_743,30.30000000000016,6087.0,0.9586002957121735
P_1-2_5745,P_1-1-pt_8289,13.699999999999967,6087.0,0.9586002957121735
P_1-2_5745,P_1-1-pt_8735,27.000000000000114,6087.0,0.9586002957121735
P_1-2_5745,P_1-2_4266,30.30000000000016,6087.0,0.9586002957121735
P_1-2_5745,P_1-3_3076,15.099999999999962,6087.0,0.9586002957121735
P_1-2_5745,P_1-2_5753,15.199999999999962,6087.0,0.9586002957121735
P_1-2_5745,P_1-1-pt_182,13.799999999999967,6087.0,0.9586002957121735
P_1-2_5745,P_1-3_4289,15.199999999999962,6087.0,0.9586002957121735
P_1-2_5745,P_1-2_609,28.20000000000013,6087.0,0.9586002957121735
P_1-1-pt_2961,P_1-1-pt_3176,19.400000000000006,6086.0,1.0
P_1-1-pt_2961,P_1-2_3224,9.399999999999983,6086.0,1.0
P_1-1-pt_2961,P_2-1_3058,9.499999999999982,6086.0,1.0
P_1-1-pt_2961,P_1-1-pt_8968,34.60000000000022,6086.0,1.0
P_1-2_2702,P_1-1-pt_5392,22.200000000000045,6084.0,1.0
P_1-2_2702,P_1-1-pt_1238,30.500000000000163,6084.0,1.0
P_1-2_2702,P_1-1-pt_1138,1.3,6084.0,1.0
P_1-2_2702,P_1-1-pt_8762,2.2000000000000006,6084.0,1.0
P_2-1_2384,P_1-1-pt_7573,12.99999999999997,6084.0,1.0
P_2-1_2384,P_1-1-pt_4901,24.60000000000008,6084.0,1.0
P_2-1_2384,P_1-1-pt_2529,8.999999999999984,6084.0,1.0
P_1-1-pt_2013,P_1-1-pt_4879,241.0999999999906,6083.0,0.9363800756205819
P_1-1-pt_2013,P_1-1-pt_3858,14.899999999999963,6083.0,0.9363800756205819
P_1-1-pt_2013,P_1-1-pt_297,22.50000000000005,6083.0,0.9363800756205819
P_1-1-pt_2013,P_1-1-pt_7573,88.09999999999927,6083.0,0.9363800756205819
P_1-1-pt_2013,P_1-1-pt_2369,14.299999999999965,6083.0,0.9363800756205819
P_1-1-pt_2013,P_1-1-pt_521,19.60000000000001,6083.0,0.9363800756205819
P_1-1-pt_2013,P_1-1-pt_5167,92.29999999999903,6083.0,0.9363800756205819
P_1-1-pt_2013,P_1-1-pt_1747,15.69999999999996,6083.0,0.9363800756205819
P_1-1-pt_2013,P_1-1-pt_3671,16.499999999999964,6083.0,0.9363800756205819
P_1-1-pt_2013,P_1-1-pt_3207,16.19999999999996,6083.0,0.9363800756205819
P_1-1-pt_2013,P_1-1-pt_98,199.09999999999297,6083.0,0.9363800756205819
P_1-1-pt_2013,P_1-1-pt_1497,16.699999999999967,6083.0,0.9363800756205819
P_1-3_4875,P_1-2_5640,15.199999999999962,6082.0,1.0
P_1-3_4875,P_1-2_4634,93.99999999999893,6082.0,1.0
P_1-3_4875,P_1-3_4775,231.59999999999113,6082.0,1.0
P_1-3_4875,P_1-3_2410,30.30000000000016,6082.0,1.0
P_1-3_4875,P_1-3_3253,39.700000000000294,6082.0,1.0
P_1-3_4875,P_1-3_2018,30.100000000000158,6082.0,1.0
P_1-3_4875,P_1-3_2633,35.40000000000023,6082.0,1.0
P_1-3_4875,P_1-2_5210,26.900000000000112,6082.0,1.0
P_1-3_4875,P_1-2_573,18.29999999999999,6082.0,1.0
P_1-3_4875,P_1-3_4954,15.199999999999962,6082.0,1.0
P_1-3_4875,P_1-3_3410,132.59999999999675,6082.0,1.0
P_1-1-pt_98,P_1-1-pt_5167,175.19999999999433,6077.0,1.0
P_1-1-pt_98,P_1-1-pt_1747,173.29999999999444,6077.0,1.0
P_1-1-pt_98,P_1-1-pt_3671,189.19999999999354,6077.0,1.0
P_1-1-pt_98,P_1-1-pt_1497,159.6999999999952,6077.0,1.0
P_1-1-pt_98,P_1-1-pt_6743,16.09999999999996,6077.0,1.0
P_1-1-pt_98,P_1-1-pt_6974,505.10000000004635,6077.0,1.0
P_1-1-pt_98,P_1-1-pt_3858,85.29999999999943,6077.0,1.0
P_1-1-pt_98,P_1-1-pt_2880,36.50000000000025,6077.0,1.0
P_1-1-pt_98,P_1-1-pt_521,495.2000000000441,6077.0,1.0
P_1-1-pt_98,P_1-1-pt_4736,17.299999999999976,6077.0,1.0
P_1-1-pt_98,P_1-1-pt_2920,16.599999999999966,6077.0,1.0
P_1-1-pt_98,P_1-2_4940,4.4,6077.0,1.0
P_1-1-pt_98,P_1-1-pt_3207,494.700000000044,6077.0,1.0
P_1-1-pt_98,P_1-1-pt_7915,280.4999999999953,6077.0,1.0
P_1-1-pt_98,P_1-1-pt_2013,199.09999999999297,6077.0,1.0
P_1-3_3579,P_1-2_2554,14.399999999999965,6076.0,1.0
P_1-3_3579,P_1-1-pt_0,33.60000000000021,6076.0,1.0
P_1-3_3579,P_1-3_17,12.299999999999972,6076.0,1.0
P_1-3_3579,P_1-2_4464,13.899999999999967,6076.0,1.0
P_1-1-pt_527,P_1-2_3052,15.59999999999996,6069.0,1.0
P_1-1-pt_527,P_1-2_4962,1941.8999999993293,6069.0,1.0
P_1-2_5428,P_1-1-pt_6292,3357.8999999980415,6066.0,1.0
P_1-1-pt_297,P_1-1-pt_3916,17.49999999999998,6055.0,1.0
P_1-1-pt_297,P_1-1-pt_2013,22.50000000000005,6055.0,1.0
P_1-1-pt_297,P_1-1-pt_7573,85.59999999999941,6055.0,1.0
P_1-1-pt_297,P_1-2_4483,53.100000000000485,6055.0,1.0
P_1-1-pt_297,P_1-1-pt_6176,16.89999999999997,6055.0,1.0
P_1-1-pt_297,P_1-1-pt_4996,244.79999999999038,6055.0,1.0
P_1-2_2797,P_1-2_3821,206.79999999999254,6046.0,0.944260668210387
P_1-2_2797,P_1-2_2580,220.89999999999173,6046.0,0.944260668210387
P_1-2_2797,P_1-3_4738,184.7999999999938,6046.0,0.944260668210387
P_1-2_2797,P_1-2_5752,170.09999999999462,6046.0,0.944260668210387
P_1-2_2797,P_1-2_3464,169.39999999999466,6046.0,0.944260668210387
P_1-2_2797,P_1-1-veh_837,169.79999999999464,6046.0,0.944260668210387
P_1-2_2797,P_2-1_2028,92.59999999999901,6046.0,0.944260668210387
P_1-2_2715,P_1-1-pt_7142,14.599999999999964,6045.0,1.0
P_1-2_2715,P_1-1-pt_150,15.399999999999961,6045.0,1.0
P_1-2_2715,P_2-1_3119,13.799999999999967,6045.0,1.0
P_1-3_1140,P_1-1-pt_8085,39.40000000000029,6039.0,1.0
P_1-3_1140,P_1-1-pt_841,27.100000000000115,6039.0,1.0
P_1-3_1140,P_1-1-pt_1601,9.299999999999983,6039.0,1.0
P_1-1-pt_6413,P_1-1-pt_5199,16.89999999999997,6037.0,1.0
P_1-1-pt_6413,P_1-1-pt_3097,16.79999999999997,6037.0,1.0
P_1-1-pt_6413,P_2-1_63,15.59999999999996,6037.0,1.0
P_1-1-pt_6413,P_1-2_1612,15.499999999999961,6037.0,1.0
P_1-1-pt_6413,P_1-1-pt_6453,15.499999999999961,6037.0,1.0
P_1-1-pt_6413,P_1-3_3245,12.299999999999972,6037.0,1.0
P_1-1-pt_6413,P_1-1-pt_2162,16.99999999999997,6037.0,1.0
P_1-1-pt_6413,P_1-1-pt_3409,15.69999999999996,6037.0,1.0
P_1-1-pt_6413,P_2-1_5419,170.3999999999946,6037.0,1.0
P_1-1-pt_6413,P_1-1-pt_1473,10.999999999999977,6037.0,1.0
P_1-2_6013,P_1-1-pt_7573,12.399999999999972,6037.0,1.0
P_1-2_6013,P_1-1-pt_2529,8.599999999999985,6037.0,1.0
P_1-3_809,P_1-2_4065,5.099999999999998,6025.0,1.0
P_1-1-pt_8682,P_1-1-veh_234,27.40000000000012,6024.0,1.0
P_1-1-pt_8682,P_1-1-pt_5078,14.799999999999963,6024.0,1.0
P_1-1-pt_8682,P_1-1-pt_4901,15.79999999999996,6024.0,1.0
P_1-1-pt_8682,P_1-1-pt_4966,22.300000000000047,6024.0,1.0
P_1-1-pt_8682,P_1-2_1596,15.099999999999962,6024.0,1.0
P_1-1-pt_8682,P_1-1-pt_7080,16.499999999999964,6024.0,1.0
P_1-1-pt_8682,P_1-2_3389,13.699999999999967,6024.0,1.0
P_1-2_4065,P_1-3_809,5.099999999999998,6023.0,1.0
P_2-1_4232,P_2-1_4930,15.89999999999996,6017.0,1.0
P_2-1_4232,P_1-1-pt_6358,70.70000000000026,6017.0,1.0
P_2-1_4811,P_1-3_2187,15.79999999999996,6017.0,1.0
P_2-1_5799,P_1-1-pt_1601,13.399999999999968,6017.0,1.0
P_1-1-pt_4966,P_1-3_3046,12.599999999999971,6016.0,1.0
P_1-1-pt_4966,P_1-3_3457,12.89999999999997,6016.0,1.0
P_1-1-pt_4966,P_1-2_5951,12.499999999999972,6016.0,1.0
P_1-1-pt_4966,P_1-3_4690,12.69999999999997,6016.0,1.0
P_1-1-pt_4966,P_1-1-pt_8682,22.300000000000047,6016.0,1.0
P_1-1-pt_1601,P_1-1-pt_6355,13.199999999999969,6011.0,1.0
P_1-1-pt_1601,P_1-1-pt_7938,26.80000000000011,6011.0,1.0
P_1-1-pt_1601,P_1-1-pt_2844,14.899999999999963,6011.0,1.0
P_1-1-pt_1601,P_1-3_5550,14.299999999999965,6011.0,1.0
P_1-1-pt_1601,P_2-1_5799,13.399999999999968,6011.0,1.0
P_1-1-pt_1601,P_1-3_4492,13.799999999999967,6011.0,1.0
P_1-1-pt_1601,P_1-3_2528,13.799999999999967,6011.0,1.0
P_1-1-pt_1601,P_1-1-pt_2425,15.299999999999962,6011.0,1.0
P_1-1-pt_1601,P_2-1_2911,13.299999999999969,6011.0,1.0
P_1-1-pt_1601,P_1-2_1285,12.399999999999972,6011.0,1.0
P_1-1-pt_1601,P_2-1_842,8.899999999999984,6011.0,1.0
P_1-1-pt_1601,P_1-3_5451,14.099999999999966,6011.0,1.0
P_1-1-pt_1601,P_1-3_1140,9.299999999999983,6011.0,1.0
P_1-2_1596,P_1-1-veh_234,15.199999999999962,5995.0,1.0
P_1-2_1596,P_1-1-pt_4901,7.899999999999988,5995.0,1.0
P_1-2_1596,P_1-1-pt_8682,15.099999999999962,5995.0,1.0
P_1-1-pt_5997,P_1-3_1571,15.399999999999961,5988.0,1.0
P_1-1-pt_5997,P_1-1-pt_394,1214.8999999999905,5988.0,1.0
P_2-1_5450,P_2-1_3136,76.19999999999995,5987.0,1.0
P_1-1-pt_6453,P_2-1_2925,15.499999999999961,5976.0,1.0
P_1-1-pt_6453,P_1-2_4940,34.40000000000022,5976.0,1.0
P_1-1-pt_6453,P_1-1-pt_8728,15.79999999999996,5976.0,1.0
P_1-1-pt_6453,P_1-1-pt_6413,15.499999999999961,5976.0,1.0
P_1-1-pt_6453,P_1-1-pt_2162,15.89999999999996,5976.0,1.0
P_1-1-pt_6453,P_1-1-pt_3409,15.199999999999962,5976.0,1.0
P_1-1-pt_6453,P_1-1-pt_1270,15.499999999999961,5976.0,1.0
P_1-1-pt_6453,P_1-1-pt_7863,15.59999999999996,5976.0,1.0
P_1-1-pt_6453,P_1-1-pt_8545,15.59999999999996,5976.0,1.0
P_1-1-pt_6453,P_1-1-pt_5193,15.299999999999962,5976.0,1.0
P_1-1-pt_6453,P_1-1-pt_7325,15.499999999999961,5976.0,1.0
P_1-1-pt_8085,P_1-3_5451,233.599999999991,5972.0,1.0
P_1-1-pt_8085,P_2-1_4930,8.899999999999984,5972.0,1.0
P_1-1-pt_8085,P_1-3_1140,39.40000000000029,5972.0,1.0
P_1-1-pt_8085,P_1-2_4955,6.799999999999992,5972.0,1.0
P_1-1-pt_8085,P_1-2_2061,15.299999999999962,5972.0,1.0
P_1-1-pt_8085,P_1-1-pt_841,1682.799999999565,5972.0,1.0
P_1-3_403,P_1-1-pt_1121,28.20000000000013,5970.0,1.0
P_1-3_403,P_1-3_528,26.1000000000001,5970.0,1.0
P_1-1-pt_571,P_1-1-pt_2369,60.50000000000059,5967.0,1.0
P_1-1-pt_571,P_1-1-pt_521,32.50000000000019,5967.0,1.0
P_1-1-pt_571,P_1-1-pt_8280,32.800000000000196,5967.0,1.0
P_1-1-pt_571,P_1-1-pt_3207,16.599999999999966,5967.0,1.0
P_1-1-pt_571,P_1-1-pt_5666,30.700000000000166,5967.0,1.0
P_1-1-pt_571,P_1-1-pt_8728,13.999999999999966,5967.0,1.0
P_1-1-pt_571,P_1-1-pt_7208,18.499999999999993,5967.0,1.0
P_1-1-pt_571,P_1-2_250,9.89999999999998,5967.0,1.0
P_1-1-pt_571,P_1-1-pt_4736,18.39999999999999,5967.0,1.0
P_1-1-pt_571,P_1-1-pt_2880,15.199999999999962,5967.0,1.0
P_1-1-pt_571,P_1-1-pt_6743,15.299999999999962,5967.0,1.0
P_1-1-pt_571,P_1-1-pt_3230,3439.799999997967,5967.0,1.0
P_1-2_3692,P_1-1-pt_5115,12.299999999999972,5961.0,1.0
P_1-1-pt_7863,P_1-1-pt_3275,15.59999999999996,5960.0,1.0
P_1-1-pt_7863,P_1-1-pt_1560,16.499999999999964,5960.0,1.0
P_1-1-pt_7863,P_1-1-pt_1966,16.599999999999966,5960.0,1.0
P_1-1-pt_7863,P_1-1-pt_5906,16.599999999999966,5960.0,1.0
P_1-1-pt_7863,P_1-1-pt_1226,16.599999999999966,5960.0,1.0
P_1-1-pt_7863,P_1-1-pt_3624,15.89999999999996,5960.0,1.0
P_1-1-pt_7863,P_1-1-veh_792,31.70000000000018,5960.0,1.0
P_1-1-pt_7863,P_1-1-pt_6453,15.59999999999996,5960.0,1.0
P_1-2_2034,P_1-2_3693,2.700000000000001,5960.0,1.0
P_1-2_2034,P_1-1-pt_654,13.199999999999969,5960.0,1.0
P_2-1_2045,P_1-2_2345,26.600000000000108,5957.0,1.0
P_1-1-pt_3230,P_1-1-pt_3409,10.09999999999998,5943.0,1.0
P_1-1-pt_3230,P_1-1-pt_2369,49.50000000000043,5943.0,1.0
P_1-1-pt_3230,P_1-1-pt_521,32.50000000000019,5943.0,1.0
P_1-1-pt_3230,P_1-1-pt_8280,33.3000000000002,5943.0,1.0
P_1-1-pt_3230,P_1-1-pt_3207,16.499999999999964,5943.0,1.0
P_1-1-pt_3230,P_1-1-pt_5666,30.500000000000163,5943.0,1.0
P_1-1-pt_3230,P_1-1-pt_8728,13.999999999999966,5943.0,1.0
P_1-1-pt_3230,P_1-1-pt_4736,18.29999999999999,5943.0,1.0
P_1-1-pt_3230,P_1-1-pt_7208,18.29999999999999,5943.0,1.0
P_1-1-pt_3230,P_1-2_250,10.19999999999998,5943.0,1.0
P_1-1-pt_3230,P_1-1-pt_2880,15.099999999999962,5943.0,1.0
P_1-1-pt_3230,P_1-1-pt_6743,15.399999999999961,5943.0,1.0
P_1-1-pt_3230,P_1-1-pt_571,3439.799999997967,5943.0,1.0
P_1-3_3253,P_1-2_4634,60.100000000000584,5941.0,1.0
P_1-3_3253,P_1-3_4775,47.1000000000004,5941.0,1.0
P_1-3_3253,P_1-3_2410,30.30000000000016,5941.0,1.0
P_1-3_3253,P_1-3_2018,30.20000000000016,5941.0,1.0
P_1-3_3253,P_1-3_2633,52.500000000000476,5941.0,1.0
P_1-3_3253,P_1-2_5210,30.600000000000165,5941.0,1.0
P_1-3_3253,P_1-2_573,30.000000000000156,5941.0,1.0
P_1-3_3253,P_1-3_4954,30.700000000000166,5941.0,1.0
P_1-3_3253,P_1-3_4875,39.700000000000294,5941.0,1.0
P_1-3_3253,P_1-3_3410,67.50000000000044,5941.0,1.0
P_1-3_2280,P_1-1-veh_459,12.399999999999972,5935.0,1.0
P_1-1-pt_6273,P_1-1-pt_7763,13.599999999999968,5933.0,1.0
P_1-1-pt_6273,P_1-3_528,17.69999999999998,5933.0,1.0
P_1-1-pt_6273,P_1-1-pt_7760,15.69999999999996,5933.0,1.0
P_1-3_2528,P_1-1-pt_3353,16.79999999999997,5932.0,1.0
P_1-3_2528,P_1-1-pt_1601,13.799999999999967,5932.0,1.0
P_2-1_2028,P_1-2_5752,116.79999999999764,5930.0,1.0
P_2-1_2028,P_1-2_3464,108.09999999999813,5930.0,1.0
P_2-1_2028,P_1-2_3821,95.09999999999887,5930.0,1.0
P_2-1_2028,P_1-2_2797,92.59999999999901,5930.0,1.0
P_2-1_2028,P_1-2_2580,92.69999999999901,5930.0,1.0
P_2-1_2028,P_1-1-veh_837,92.39999999999903,5930.0,1.0
P_2-1_2028,P_1-3_4738,92.39999999999903,5930.0,1.0
P_1-1-pt_7104,P_1-2_2229,1500.9999999997303,5929.0,1.0
P_1-1-pt_7104,P_1-2_2030,188.89999999999355,5929.0,1.0
P_1-1-pt_7104,P_2-1_3376,746.2000000001011,5929.0,1.0
P_1-1-pt_7104,P_2-1_6256,175.5999999999943,5929.0,1.0
P_1-1-pt_7104,P_1-2_3908,184.6999999999938,5929.0,1.0
P_1-1-pt_7104,P_2-1_5435,175.7999999999943,5929.0,1.0
P_1-1-pt_7104,P_1-2_4607,175.5999999999943,5929.0,1.0
P_1-1-pt_7104,P_2-1_4331,176.89999999999424,5929.0,1.0
P_1-1-pt_7104,P_1-2_4886,1043.7000000001462,5929.0,1.0
P_1-1-pt_3595,P_1-1-pt_5913,37.20000000000026,5921.0,1.0
P_1-2_4886,P_1-2_2229,272.9999999999936,5921.0,0.9483195406181388
P_1-2_4886,P_1-2_2030,208.39999999999245,5921.0,0.9483195406181388
P_1-2_4886,P_2-1_3376,208.59999999999243,5921.0,0.9483195406181388
P_1-2_4886,P_2-1_6256,208.59999999999243,5921.0,0.9483195406181388
P_1-2_4886,P_1-2_3908,208.59999999999243,5921.0,0.9483195406181388
P_1-2_4886,P_2-1_5435,208.59999999999243,5921.0,0.9483195406181388
P_1-2_4886,P_1-2_4607,193.5999999999933,5921.0,0.9483195406181388
P_1-2_4886,P_2-1_4331,194.69999999999322,5921.0,0.9483195406181388
P_1-2_4886,P_1-1-pt_7104,1043.7000000001462,5921.0,0.9483195406181388
P_1-1-pt_1121,P_1-1-pt_6031,16.699999999999967,5916.0,1.0
P_1-1-pt_1121,P_1-3_403,28.20000000000013,5916.0,1.0
P_1-1-pt_1121,P_1-3_3536,9.199999999999983,5916.0,1.0
P_1-1-pt_1121,P_1-3_5123,9.299999999999983,5916.0,1.0
P_1-1-pt_1121,P_1-1-pt_2606,16.699999999999967,5916.0,1.0
P_2-1_804,P_1-2_4853,15.199999999999962,5915.0,1.0
P_2-1_804,P_2-1_6130,15.199999999999962,5915.0,1.0
P_2-1_842,P_1-1-pt_841,12.299999999999972,5914.0,1.0
P_2-1_842,P_1-1-pt_1601,8.899999999999984,5914.0,1.0
P_1-1-pt_3067,P_1-1-pt_2606,622.0000000000729,5913.0,1.0
P_1-1-pt_3067,P_1-1-pt_761,38.60000000000028,5913.0,1.0
P_1-1-pt_3067,P_1-1-pt_3097,32.50000000000019,5913.0,1.0
P_1-1-pt_3067,P_1-1-pt_2834,15.299999999999962,5913.0,1.0
P_1-1-pt_3067,P_1-1-pt_6297,39.700000000000294,5913.0,1.0
P_1-1-pt_3067,P_1-1-pt_5199,32.20000000000019,5913.0,1.0
P_1-1-pt_3067,P_1-1-pt_6931,21.90000000000004,5913.0,1.0
P_1-1-pt_3067,P_1-1-pt_4996,16.79999999999997,5913.0,1.0
P_1-1-pt_3571,P_1-1-pt_8762,15.099999999999962,5912.0,1.0
P_1-1-pt_3571,P_1-1-pt_1798,15.99999999999996,5912.0,1.0
P_1-1-pt_3571,P_1-1-pt_5298,15.399999999999961,5912.0,1.0
P_1-3_2171,P_2-1_5067,11.299999999999976,5908.0,1.0
P_1-3_2424,P_1-1-pt_8611,14.099999999999966,5902.0,1.0
P_1-3_2424,P_1-2_4249,38.20000000000027,5902.0,1.0
P_1-3_3245,P_1-1-pt_6413,12.299999999999972,5902.0,1.0
P_1-3_3245,P_1-1-pt_2162,12.399999999999972,5902.0,1.0
P_1-3_3245,P_1-1-pt_3409,13.699999999999967,5902.0,1.0
P_1-3_3245,P_1-1-pt_1270,12.299999999999972,5902.0,1.0
P_1-3_3245,P_1-1-pt_6297,17.69999999999998,5902.0,1.0
P_1-1-pt_0,P_1-3_3579,33.60000000000021,5898.0,1.0
P_1-1-pt_0,P_1-1-pt_1473,2.700000000000001,5898.0,1.0
P_1-1-pt_0,P_1-1-pt_6031,27.700000000000124,5898.0,1.0
P_1-1-pt_2880,P_1-1-pt_521,45.00000000000037,5898.0,1.0
P_1-1-pt_2880,P_1-1-pt_8280,48.60000000000042,5898.0,1.0
P_1-1-pt_2880,P_1-1-pt_3207,60.70000000000059,5898.0,1.0
P_1-1-pt_2880,P_1-1-pt_2369,14.899999999999963,5898.0,1.0
P_1-1-pt_2880,P_1-1-pt_5167,48.80000000000042,5898.0,1.0
P_1-1-pt_2880,P_1-1-pt_3858,32.700000000000195,5898.0,1.0
P_1-1-pt_2880,P_1-1-pt_1747,49.30000000000043,5898.0,1.0
P_1-1-pt_2880,P_1-1-pt_98,36.50000000000025,5898.0,1.0
P_1-1-pt_2880,P_1-1-pt_6974,220.59999999999175,5898.0,1.0
P_1-1-pt_2880,P_1-2_4483,19.60000000000001,5898.0,1.0
P_1-1-pt_2880,P_1-1-pt_3671,35.20000000000023,5898.0,1.0
P_1-1-pt_2880,P_1-1-veh_610,16.89999999999997,5898.0,1.0
P_1-1-pt_2880,P_1-1-veh_767,13.699999999999967,5898.0,1.0
P_1-1-pt_2880,P_1-2_303,8.499999999999986,5898.0,1.0
P_1-1-pt_2880,P_1-1-pt_6743,15.199999999999962,5898.0,1.0
P_1-1-pt_2880,P_1-1-pt_571,15.199999999999962,5898.0,1.0
P_1-1-pt_2880,P_1-1-pt_3230,15.099999999999962,5898.0,1.0
P_1-1-pt_2880,P_1-1-pt_4736,35.00000000000023,5898.0,1.0
P_1-1-pt_2880,P_1-1-pt_1497,14.699999999999964,5898.0,1.0
P_1-1-pt_8735,P_1-2_4266,1327.9999999998877,5896.0,0.9491180461329715
P_1-1-pt_8735,P_1-1-pt_498,15.499999999999961,5896.0,0.9491180461329715
P_1-1-pt_8735,P_1-1-pt_1723,198.699999999993,5896.0,0.9491180461329715
P_1-1-pt_8735,P_1-3_743,27.40000000000012,5896.0,0.9491180461329715
P_1-1-pt_8735,P_1-3_2599,27.300000000000118,5896.0,0.9491180461329715
P_1-1-pt_8735,P_1-2_5745,27.000000000000114,5896.0,0.9491180461329715
P_1-1-pt_8735,P_1-1-pt_8289,15.199999999999962,5896.0,0.9491180461329715
P_1-1-pt_8735,P_1-3_3076,13.799999999999967,5896.0,0.9491180461329715
P_1-1-pt_8735,P_1-2_5753,13.699999999999967,5896.0,0.9491180461329715
P_1-1-pt_8735,P_1-1-pt_182,15.199999999999962,5896.0,0.9491180461329715
P_1-1-pt_8735,P_1-3_4289,13.599999999999968,5896.0,0.9491180461329715
P_1-1-pt_8735,P_1-2_609,13.699999999999967,5896.0,0.9491180461329715
P_1-1-pt_150,P_1-2_2715,15.399999999999961,5891.0,1.0
P_1-1-pt_150,P_1-1-pt_4901,40.90000000000031,5891.0,1.0
P_1-1-pt_3207,P_1-1-pt_5167,85.19999999999943,5882.0,1.0
P_1-1-pt_3207,P_1-1-pt_1747,82.3999999999996,5882.0,1.0
P_1-1-pt_3207,P_1-1-pt_3671,83.39999999999954,5882.0,1.0
P_1-1-pt_3207,P_1-1-pt_2369,15.79999999999996,5882.0,1.0
P_1-1-pt_3207,P_1-1-pt_6743,50.10000000000044,5882.0,1.0
P_1-1-pt_3207,P_1-1-pt_2880,60.70000000000059,5882.0,1.0
P_1-1-pt_3207,P_1-1-pt_521,80.29999999999971,5882.0,1.0
P_1-1-pt_3207,P_1-1-pt_8280,64.7000000000006,5882.0,1.0
P_1-1-pt_3207,P_1-1-pt_571,16.599999999999966,5882.0,1.0
P_1-1-pt_3207,P_1-1-pt_3230,16.499999999999964,5882.0,1.0
P_1-1-pt_3207,P_1-1-pt_4879,40.500000000000306,5882.0,1.0
P_1-1-pt_3207,P_1-1-pt_5666,576.6000000000626,5882.0,1.0
P_1-1-pt_3207,P_1-1-pt_6974,111.99999999999791,5882.0,1.0
P_1-1-pt_3207,P_1-1-pt_4736,35.10000000000023,5882.0,1.0
P_1-1-pt_3207,P_1-1-pt_2920,15.99999999999996,5882.0,1.0
P_1-1-pt_3207,P_1-2_4940,4.5,5882.0,1.0
P_1-1-pt_3207,P_1-1-pt_98,494.700000000044,5882.0,1.0
P_1-1-pt_3207,P_1-1-veh_610,12.89999999999997,5882.0,1.0
P_1-1-pt_3207,P_1-1-veh_767,109.79999999999804,5882.0,1.0
P_1-1-pt_3207,P_1-1-pt_2013,16.19999999999996,5882.0,1.0
P_1-1-pt_3207,P_1-1-pt_3858,17.49999999999998,5882.0,1.0
P_1-1-pt_8247,P_1-1-pt_494,11.499999999999975,5882.0,1.0
P_1-1-pt_8247,P_1-1-pt_2162,9.99999999999998,5882.0,1.0
P_1-1-pt_8247,P_1-1-pt_4262,15.99999999999996,5882.0,1.0
P_1-1-pt_8247,P_1-2_2795,55.50000000000052,5882.0,1.0
P_1-1-pt_8247,P_1-1-pt_1420,1018.0000000001629,5882.0,1.0
P_1-2_4249,P_1-1-pt_7440,659.8000000000815,5877.0,1.0
P_1-2_4249,P_1-1-pt_8611,15.099999999999962,5877.0,1.0
P_1-2_4249,P_1-3_2424,38.20000000000027,5877.0,1.0
P_1-1-pt_5481,P_1-2_4724,219.29999999999183,5875.0,1.0
P_1-1-pt_5481,P_1-2_593,17.49999999999998,5875.0,1.0
P_1-2_5369,P_2-1_1609,60.40000000000059,5874.0,1.0
P_1-1-pt_4785,P_1-3_2180,13.799999999999967,5870.0,1.0
P_1-1-pt_4785,P_2-1_4930,15.199999999999962,5870.0,1.0
P_1-1-pt_3624,P_1-1-pt_255,15.59999999999996,5861.0,1.0
P_1-1-pt_3624,P_1-1-pt_5897,15.79999999999996,5861.0,1.0
P_1-1-pt_3624,P_1-1-pt_3769,16.19999999999996,5861.0,1.0
P_1-1-pt_3624,P_1-1-pt_4671,15.499999999999961,5861.0,1.0
P_1-1-pt_3624,P_1-1-pt_1270,15.59999999999996,5861.0,1.0
P_1-1-pt_3624,P_1-1-pt_3409,15.199999999999962,5861.0,1.0
P_1-1-pt_3624,P_1-1-pt_4919,15.79999999999996,5861.0,1.0
P_1-1-pt_3624,P_1-1-pt_1304,15.79999999999996,5861.0,1.0
P_1-1-pt_3624,P_1-1-pt_7863,15.89999999999996,5861.0,1.0
P_1-1-pt_3624,P_1-1-pt_8545,15.59999999999996,5861.0,1.0
P_1-1-pt_3624,P_1-1-pt_5193,15.59999999999996,5861.0,1.0
P_1-1-pt_3624,P_1-1-pt_7325,15.499999999999961,5861.0,1.0
P_1-1-pt_3624,P_1-1-pt_8137,14.799999999999963,5861.0,1.0
P_1-1-pt_1304,P_1-1-pt_3275,16.599999999999966,5854.0,1.0
P_1-1-pt_1304,P_1-1-pt_1560,17.099999999999973,5854.0,1.0
P_1-1-pt_1304,P_1-1-pt_1966,21.600000000000037,5854.0,1.0
P_1-1-pt_1304,P_1-1-pt_5906,16.699999999999967,5854.0,1.0
P_1-1-pt_1304,P_1-1-pt_1238,16.19999999999996,5854.0,1.0
P_1-1-pt_1304,P_1-1-pt_3916,16.599999999999966,5854.0,1.0
P_1-1-pt_1304,P_1-1-pt_1108,32.40000000000019,5854.0,1.0
P_1-1-pt_1304,P_1-1-pt_1226,16.499999999999964,5854.0,1.0
P_1-1-pt_1304,P_1-1-pt_3624,15.79999999999996,5854.0,1.0
P_1-1-pt_1304,P_1-1-veh_792,21.500000000000036,5854.0,1.0
P_1-1-pt_1304,P_1-1-veh_105,23.20000000000006,5854.0,1.0
P_1-1-pt_1304,P_1-2_1203,27.000000000000114,5854.0,1.0
P_1-1-pt_1304,P_1-2_2554,23.20000000000006,5854.0,1.0
P_1-2_4266,P_1-1-pt_8735,1327.9999999998877,5854.0,1.0
P_1-2_4266,P_1-1-pt_498,12.399999999999972,5854.0,1.0
P_1-2_4266,P_1-1-pt_1723,13.899999999999967,5854.0,1.0
P_1-2_4266,P_1-3_743,30.100000000000158,5854.0,1.0
P_1-2_4266,P_1-3_2599,30.30000000000016,5854.0,1.0
P_1-2_4266,P_1-2_5745,30.30000000000016,5854.0,1.0
P_1-2_4266,P_1-1-pt_8289,12.99999999999997,5854.0,1.0
P_1-2_4266,P_1-3_3076,15.099999999999962,5854.0,1.0
P_1-2_4266,P_1-2_5753,15.099999999999962,5854.0,1.0
P_1-2_4266,P_1-1-pt_182,13.09999999999997,5854.0,1.0
P_1-2_4266,P_1-3_4289,15.199999999999962,5854.0,1.0
P_1-2_4266,P_1-2_609,15.199999999999962,5854.0,1.0
P_1-2_4724,P_1-1-pt_5481,219.29999999999183,5843.0,1.0
P_1-1-pt_1037,P_1-2_2345,14.099999999999966,5840.0,0.9825342465753425
P_1-1-pt_1037,P_1-1-pt_5324,5830.000000003678,5840.0,0.9825342465753425
P_1-3_4289,P_1-3_743,30.20000000000016,5838.0,1.0
P_1-3_4289,P_1-1-pt_1723,12.499999999999972,5838.0,1.0
P_1-3_4289,P_1-3_2599,15.199999999999962,5838.0,1.0
P_1-3_4289,P_1-2_5745,15.199999999999962,5838.0,1.0
P_1-3_4289,P_1-1-pt_8289,13.799999999999967,5838.0,1.0
P_1-3_4289,P_1-1-pt_8735,13.599999999999968,5838.0,1.0
P_1-3_4289,P_1-2_4266,15.199999999999962,5838.0,1.0
P_1-3_4289,P_1-3_3076,15.199999999999962,5838.0,1.0
P_1-3_4289,P_1-2_5753,15.099999999999962,5838.0,1.0
P_1-3_4289,P_1-1-pt_182,13.699999999999967,5838.0,1.0
P_1-3_4289,P_1-1-veh_834,15.099999999999962,5838.0,1.0
P_1-3_743,P_1-2_3608,7.899999999999988,5835.0,0.9912596401028277
P_1-3_743,P_1-1-pt_498,12.499999999999972,5835.0,0.9912596401028277
P_1-3_743,P_1-1-pt_1723,229.99999999999122,5835.0,0.9912596401028277
P_1-3_743,P_1-1-veh_834,30.400000000000162,5835.0,0.9912596401028277
P_1-3_743,P_1-3_2599,30.30000000000016,5835.0,0.9912596401028277
P_1-3_743,P_1-2_5745,30.30000000000016,5835.0,0.9912596401028277
P_1-3_743,P_1-1-pt_8289,27.40000000000012,5835.0,0.9912596401028277
P_1-3_743,P_1-1-pt_8735,27.40000000000012,5835.0,0.9912596401028277
P_1-3_743,P_1-2_4266,30.100000000000158,5835.0,0.9912596401028277
P_1-3_743,P_1-3_3076,30.500000000000163,5835.0,0.9912596401028277
P_1-3_743,P_1-1-pt_182,27.40000000000012,5835.0,0.9912596401028277
P_1-3_743,P_1-3_4289,30.20000000000016,5835.0,0.9912596401028277
P_1-3_743,P_1-2_5753,15.099999999999962,5835.0,0.9912596401028277
P_1-1-pt_1473,P_1-1-pt_0,2.700000000000001,5832.0,1.0
P_1-1-pt_1473,P_1-1-pt_6931,16.599999999999966,5832.0,1.0
P_1-1-pt_1473,P_1-1-pt_5897,18.099999999999987,5832.0,1.0
P_1-1-pt_1473,P_1-1-pt_3769,18.099999999999987,5832.0,1.0
P_1-1-pt_1473,P_1-1-pt_4671,18.29999999999999,5832.0,1.0
P_1-1-pt_1473,P_1-1-pt_4919,17.999999999999986,5832.0,1.0
P_1-1-pt_1473,P_1-2_1612,14.599999999999964,5832.0,1.0
P_1-1-pt_1473,P_1-1-pt_6413,10.999999999999977,5832.0,1.0
P_1-1-pt_1473,P_1-1-pt_1296,16.89999999999997,5832.0,1.0
P_1-1-pt_394,P_1-1-pt_4541,1149.50000000005,5831.0,0.8526839307151431
P_1-1-pt_394,P_1-1-pt_5997,1214.8999999999905,5831.0,0.8526839307151431
P_1-1-pt_5324,P_1-2_2345,14.099999999999966,5831.0,1.0
P_1-1-pt_5324,P_1-1-pt_1037,5830.000000003678,5831.0,1.0
P_1-2_960,P_1-3_2745,15.199999999999962,5821.0,1.0
P_1-2_960,P_1-2_1265,15.299999999999962,5821.0,1.0
P_1-2_2473,P_1-1-pt_8611,4.999999999999998,5816.0,1.0
P_1-1-pt_8728,P_1-1-pt_6453,15.79999999999996,5814.0,1.0
P_1-1-pt_8728,P_1-1-pt_571,13.999999999999966,5814.0,1.0
P_1-1-pt_8728,P_1-1-pt_3230,13.999999999999966,5814.0,1.0
P_1-1-pt_8728,P_1-1-pt_4736,15.99999999999996,5814.0,1.0
P_1-1-pt_8728,P_1-1-pt_2162,14.899999999999963,5814.0,1.0
P_1-1-pt_8728,P_1-1-pt_3409,15.099999999999962,5814.0,1.0
P_1-1-pt_7080,P_1-1-pt_7760,15.59999999999996,5813.0,1.0
P_1-1-pt_7080,P_1-2_4464,26.500000000000107,5813.0,1.0
P_1-1-pt_7080,P_1-1-veh_234,31.500000000000178,5813.0,1.0
P_1-1-pt_7080,P_1-1-pt_8682,16.499999999999964,5813.0,1.0
P_1-1-pt_7080,P_1-1-pt_5078,28.400000000000134,5813.0,1.0
P_1-1-pt_7080,P_1-2_3389,14.199999999999966,5813.0,1.0
P_2-1_5552,P_1-1-pt_7277,37.10000000000026,5798.0,1.0
P_1-1-pt_4541,P_1-1-pt_394,1149.50000000005,5793.0,0.8387709304332815
P_1-2_250,P_1-1-pt_5139,11.399999999999975,5782.0,1.0
P_1-2_250,P_1-1-pt_4736,18.599999999999994,5782.0,1.0
P_1-2_250,P_2-1_5419,39.30000000000029,5782.0,1.0
P_1-2_250,P_1-1-pt_571,9.89999999999998,5782.0,1.0
P_1-2_250,P_1-1-pt_3230,10.19999999999998,5782.0,1.0
P_1-2_250,P_1-1-pt_2297,8.499999999999986,5782.0,1.0
P_1-1-pt_1700,P_1-2_3488,27.300000000000118,5771.0,1.0
P_1-1-pt_1700,P_1-2_2237,16.99999999999997,5771.0,1.0
P_1-1-pt_1700,P_1-1-pt_2129,30.30000000000016,5771.0,1.0
P_1-1-pt_1700,P_1-1-pt_1039,30.20000000000016,5771.0,1.0
P_1-1-pt_1700,P_1-1-pt_5275,30.400000000000162,5771.0,1.0
P_1-1-pt_761,P_1-1-pt_4996,32.50000000000019,5770.0,1.0
P_1-1-pt_761,P_1-1-pt_3386,16.499999999999964,5770.0,1.0
P_1-1-pt_761,P_1-1-pt_3067,38.60000000000028,5770.0,1.0
P_1-1-pt_761,P_1-1-pt_5906,16.79999999999997,5770.0,1.0
P_1-1-pt_761,P_1-1-pt_3916,16.79999999999997,5770.0,1.0
P_1-1-pt_761,P_1-1-pt_7208,16.599999999999966,5770.0,1.0
P_1-1-pt_761,P_1-1-pt_6538,14.699999999999964,5770.0,1.0
P_1-1-pt_761,P_1-1-pt_255,16.499999999999964,5770.0,1.0
P_1-1-pt_761,P_1-1-pt_1296,16.89999999999997,5770.0,1.0
P_1-1-pt_761,P_1-1-pt_530,17.69999999999998,5770.0,1.0
P_1-1-pt_7938,P_1-1-pt_2032,15.79999999999996,5768.0,1.0
P_1-1-pt_7938,P_1-1-pt_2770,15.499999999999961,5768.0,1.0
P_1-1-pt_7938,P_1-1-pt_6355,14.099999999999966,5768.0,1.0
P_1-1-pt_7938,P_1-2_4454,12.79999999999997,5768.0,1.0
P_1-1-pt_7938,P_1-1-pt_2863,15.499999999999961,5768.0,1.0
P_1-1-pt_7938,P_1-1-pt_8969,15.79999999999996,5768.0,1.0
P_1-1-pt_7938,P_1-1-pt_1601,26.80000000000011,5768.0,1.0
P_1-1-pt_7938,P_1-1-pt_2844,1574.2999999996637,5768.0,1.0
P_1-2_2543,P_1-3_990,31.60000000000018,5759.0,1.0
P_1-2_2543,P_1-1-pt_654,214.89999999999208,5759.0,1.0
P_1-2_2543,P_1-1-pt_7664,14.599999999999964,5759.0,1.0
P_1-2_2543,P_1-1-pt_776,14.199999999999966,5759.0,1.0
P_1-3_458,P_1-2_2875,9.099999999999984,5749.0,1.0
P_1-3_870,P_1-3_3793,15.199999999999962,5749.0,1.0
P_1-1-pt_3409,P_1-1-pt_4879,7.29999999999999,5743.0,1.0
P_1-1-pt_3409,P_1-1-pt_3230,10.09999999999998,5743.0,1.0
P_1-1-pt_3409,P_1-1-pt_255,15.299999999999962,5743.0,1.0
P_1-1-pt_3409,P_1-1-pt_494,15.79999999999996,5743.0,1.0
P_1-1-pt_3409,P_1-1-pt_2162,31.300000000000175,5743.0,1.0
P_1-1-pt_3409,P_1-1-pt_5897,15.59999999999996,5743.0,1.0
P_1-1-pt_3409,P_1-1-pt_3769,15.69999999999996,5743.0,1.0
P_1-1-pt_3409,P_1-1-pt_4671,19.1,5743.0,1.0
P_1-1-pt_3409,P_1-1-pt_3624,15.199999999999962,5743.0,1.0
P_1-1-pt_3409,P_1-1-pt_1270,366.10000000001475,5743.0,1.0
P_1-1-pt_3409,P_2-1_3764,3.4000000000000017,5743.0,1.0
P_1-1-pt_3409,P_1-1-pt_6453,15.199999999999962,5743.0,1.0
P_1-1-pt_3409,P_1-3_3245,13.699999999999967,5743.0,1.0
P_1-1-pt_3409,P_1-1-pt_6413,15.69999999999996,5743.0,1.0
P_1-1-pt_3409,P_2-1_5419,24.400000000000077,5743.0,1.0
P_1-1-pt_3409,P_1-1-pt_8728,15.099999999999962,5743.0,1.0
P_1-1-pt_3409,P_1-2_4483,15.199999999999962,5743.0,1.0
P_1-1-pt_5906,P_1-1-pt_6176,17.59999999999998,5741.0,1.0
P_1-1-pt_5906,P_1-1-pt_761,16.79999999999997,5741.0,1.0
P_1-1-pt_5906,P_1-1-pt_6297,22.100000000000044,5741.0,1.0
P_1-1-pt_5906,P_1-1-pt_6031,16.699999999999967,5741.0,1.0
P_1-1-pt_5906,P_1-1-pt_255,16.499999999999964,5741.0,1.0
P_1-1-pt_5906,P_1-1-pt_1108,16.19999999999996,5741.0,1.0
P_1-1-pt_5906,P_1-1-veh_792,5.599999999999996,5741.0,1.0
P_1-1-pt_5906,P_1-1-pt_494,16.399999999999963,5741.0,1.0
P_1-1-pt_5906,P_1-1-pt_2162,16.499999999999964,5741.0,1.0
P_1-1-pt_5906,P_1-1-pt_5897,16.19999999999996,5741.0,1.0
P_1-1-pt_5906,P_1-1-pt_3769,16.699999999999967,5741.0,1.0
P_1-1-pt_5906,P_1-1-pt_4671,16.599999999999966,5741.0,1.0
P_1-1-pt_5906,P_1-1-pt_1270,16.399999999999963,5741.0,1.0
P_1-1-pt_5906,P_1-1-pt_4919,16.499999999999964,5741.0,1.0
P_1-1-pt_5906,P_1-1-pt_1304,16.699999999999967,5741.0,1.0
P_1-1-pt_5906,P_1-1-pt_7863,16.599999999999966,5741.0,1.0
P_1-1-pt_5906,P_1-1-pt_5193,16.399999999999963,5741.0,1.0
P_1-1-pt_5906,P_1-1-pt_7325,16.599999999999966,5741.0,1.0
P_1-1-pt_5906,P_1-1-pt_8137,16.499999999999964,5741.0,1.0
P_1-1-pt_5906,P_1-1-pt_3275,17.299999999999976,5741.0,1.0
P_1-1-veh_837,P_1-2_5752,169.99999999999463,5740.0,1.0
P_1-1-veh_837,P_1-2_3464,169.59999999999465,5740.0,1.0
P_1-1-veh_837,P_1-2_3821,169.59999999999465,5740.0,1.0
P_1-1-veh_837,P_1-2_2797,169.79999999999464,5740.0,1.0
P_1-1-veh_837,P_1-2_2580,169.59999999999465,5740.0,1.0
P_1-1-veh_837,P_2-1_2028,92.39999999999903,5740.0,1.0
P_1-1-veh_837,P_1-3_4738,3800.6999999976388,5740.0,1.0
P_1-2_3224,P_1-1-pt_2961,9.399999999999983,5736.0,1.0
P_1-1-veh_834,P_1-1-pt_8289,61.1000000000006,5735.0,1.0
P_1-1-veh_834,P_1-2_5753,64.20000000000063,5735.0,1.0
P_1-1-veh_834,P_1-3_743,30.400000000000162,5735.0,1.0
P_1-1-veh_834,P_1-3_2599,15.299999999999962,5735.0,1.0
P_1-1-veh_834,P_1-2_5745,15.099999999999962,5735.0,1.0
P_1-1-veh_834,P_1-1-pt_182,13.699999999999967,5735.0,1.0
P_1-1-veh_834,P_1-3_4289,15.099999999999962,5735.0,1.0
P_1-1-pt_5999,P_2-1_4267,9.299999999999983,5726.0,1.0
P_1-1-pt_5999,P_2-1_3390,9.199999999999983,5726.0,1.0
P_1-1-pt_5999,P_1-1-pt_7915,14.299999999999965,5726.0,1.0
P_1-1-pt_5999,P_1-1-pt_3858,30.90000000000017,5726.0,1.0
P_1-2_263,P_1-1-pt_7732,12.499999999999972,5721.0,1.0
P_1-1-pt_2297,P_1-2_250,8.499999999999986,5715.0,1.0
P_1-1-pt_2297,P_1-1-pt_2369,33.500000000000206,5715.0,1.0
P_1-1-pt_3176,P_1-1-pt_2961,19.400000000000006,5712.0,1.0
P_1-1-pt_7732,P_1-3_2985,12.199999999999973,5704.0,1.0
P_1-1-pt_7732,P_1-2_1990,12.399999999999972,5704.0,1.0
P_1-1-pt_7732,P_1-1-veh_602,12.299999999999972,5704.0,1.0
P_1-1-pt_7732,P_1-2_4208,12.79999999999997,5704.0,1.0
P_1-1-pt_7732,P_1-2_2345,12.69999999999997,5704.0,1.0
P_1-1-pt_7732,P_1-2_263,12.499999999999972,5704.0,1.0
P_1-1-pt_7732,P_1-1-pt_5298,8.399999999999986,5704.0,1.0
P_1-1-pt_7732,P_1-1-pt_1560,15.59999999999996,5704.0,1.0
P_1-1-pt_7573,P_1-2_6013,12.399999999999972,5703.0,1.0
P_1-1-pt_7573,P_2-1_2384,12.99999999999997,5703.0,1.0
P_1-1-pt_7573,P_1-1-pt_6176,15.59999999999996,5703.0,1.0
P_1-1-pt_7573,P_1-1-pt_297,85.59999999999941,5703.0,1.0
P_1-1-pt_7573,P_1-1-pt_2013,88.09999999999927,5703.0,1.0
P_1-1-pt_7573,P_1-1-pt_2369,15.59999999999996,5703.0,1.0
P_1-1-pt_7573,P_1-1-pt_521,16.29999999999996,5703.0,1.0
P_1-1-pt_7573,P_1-1-pt_6974,16.399999999999963,5703.0,1.0
P_1-1-pt_7573,P_1-1-pt_5167,17.59999999999998,5703.0,1.0
P_1-1-pt_7573,P_1-1-pt_1747,16.99999999999997,5703.0,1.0
P_1-1-pt_7573,P_1-1-pt_3671,18.39999999999999,5703.0,1.0
P_1-2_3378,P_1-2_3077,136.79999999999652,5691.0,1.0
P_1-2_3378,P_1-3_2180,22.50000000000005,5691.0,1.0
P_1-2_3378,P_1-3_2076,21.70000000000004,5691.0,1.0
P_1-2_3378,P_1-2_5020,30.400000000000162,5691.0,1.0
P_1-2_3378,P_1-2_5092,30.500000000000163,5691.0,1.0
P_1-2_3378,P_1-3_5354,22.60000000000005,5691.0,1.0
P_1-2_1203,P_1-1-pt_6779,5.599999999999996,5688.0,1.0
P_1-2_1203,P_1-1-pt_1108,59.10000000000057,5688.0,1.0
P_1-2_1203,P_1-1-pt_1304,27.000000000000114,5688.0,1.0
P_1-2_1203,P_1-1-pt_8137,24.900000000000084,5688.0,1.0
P_1-3_1945,P_1-2_3702,1.4000000000000001,5687.0,1.0
P_1-3_1945,P_1-1-pt_5139,27.300000000000118,5687.0,1.0
P_1-2_4771,P_1-1-pt_3629,55.80000000000052,5684.0,1.0
P_1-2_4771,P_1-1-pt_1714,27.600000000000122,5684.0,1.0
P_1-2_4771,P_1-2_2287,30.800000000000168,5684.0,1.0
P_1-2_4771,P_1-3_1785,30.600000000000165,5684.0,1.0
P_1-2_4771,P_1-2_3081,30.400000000000162,5684.0,1.0
P_1-2_4771,P_1-2_5951,16.29999999999996,5684.0,1.0
P_1-2_3702,P_1-3_1945,1.4000000000000001,5679.0,1.0
P_1-2_3702,P_1-1-pt_5139,20.50000000000002,5679.0,1.0
P_1-2_3702,P_1-1-pt_4380,655.5000000000805,5679.0,1.0
P_1-2_3702,P_2-1_1724,4.6,5679.0,1.0
P_1-2_3702,P_1-1-pt_1006,27.000000000000114,5679.0,1.0
P_1-2_2875,P_1-1-pt_977,14.099999999999966,5673.0,1.0
P_1-2_2875,P_1-1-pt_494,15.79999999999996,5673.0,1.0
P_1-2_2875,P_1-1-pt_2162,19.1,5673.0,1.0
P_1-2_2875,P_1-3_3536,17.999999999999986,5673.0,1.0
P_1-2_2875,P_1-3_5123,18.099999999999987,5673.0,1.0
P_1-2_2875,P_1-3_458,9.099999999999984,5673.0,1.0
P_1-3_3494,P_1-1-pt_7760,45.70000000000038,5672.0,1.0
P_1-3_3494,P_1-3_2955,26.600000000000108,5672.0,1.0
P_1-2_2795,P_1-1-pt_4262,4.5,5670.0,1.0
P_1-2_2795,P_1-1-pt_1420,1592.1999999996474,5670.0,1.0
P_1-2_2795,P_1-1-pt_8247,55.50000000000052,5670.0,1.0
P_1-2_2795,P_1-1-pt_3386,12.199999999999973,5670.0,1.0
P_1-3_283,P_1-2_2335,154.19999999999553,5666.0,1.0
P_1-3_4291,P_1-2_2215,30.000000000000156,5665.0,1.0
P_1-3_4291,P_1-3_5020,30.600000000000165,5665.0,1.0
P_1-2_4329,P_1-1-pt_2431,20.200000000000017,5659.0,1.0
P_1-2_4329,P_1-1-pt_1167,15.59999999999996,5659.0,1.0
P_1-2_4329,P_1-1-pt_3931,17.49999999999998,5659.0,1.0
P_1-2_5437,P_1-1-pt_498,12.499999999999972,5655.0,1.0
P_1-1-pt_8969,P_1-1-pt_1006,15.199999999999962,5637.0,1.0
P_1-1-pt_8969,P_1-1-pt_7938,15.79999999999996,5637.0,1.0
P_1-1-pt_8969,P_1-1-pt_3931,14.199999999999966,5637.0,1.0
P_1-1-pt_8969,P_1-1-pt_2863,15.199999999999962,5637.0,1.0
P_1-1-pt_8969,P_1-1-pt_3353,15.59999999999996,5637.0,1.0
P_1-1-pt_3386,P_1-1-veh_610,12.599999999999971,5632.0,1.0
P_1-1-pt_3386,P_1-1-pt_761,16.499999999999964,5632.0,1.0
P_1-1-pt_3386,P_1-1-pt_3097,17.69999999999998,5632.0,1.0
P_1-1-pt_3386,P_1-1-pt_2834,16.29999999999996,5632.0,1.0
P_1-1-pt_3386,P_1-1-pt_6297,18.799999999999997,5632.0,1.0
P_1-1-pt_3386,P_1-1-pt_5199,16.399999999999963,5632.0,1.0
P_1-1-pt_3386,P_1-1-pt_6931,15.89999999999996,5632.0,1.0
P_1-1-pt_3386,P_1-1-pt_5357,30.90000000000017,5632.0,1.0
P_1-1-pt_3386,P_1-2_2795,12.199999999999973,5632.0,1.0
P_1-2_1265,P_1-3_2745,15.099999999999962,5630.0,1.0
P_1-2_1265,P_1-2_960,15.299999999999962,5630.0,1.0
P_1-2_3716,P_1-2_4327,30.400000000000162,5629.0,1.0
P_1-2_3716,P_1-2_4098,23.90000000000007,5629.0,1.0
P_1-1-pt_1138,P_1-1-pt_8762,2036.3999999992434,5624.0,0.9863086770981507
P_1-1-pt_1138,P_1-1-pt_1798,741.9000000001001,5624.0,0.9863086770981507
P_1-1-pt_1138,P_1-1-pt_3275,15.99999999999996,5624.0,0.9863086770981507
P_1-1-pt_1138,P_1-1-pt_1560,16.09999999999996,5624.0,0.9863086770981507
P_1-1-pt_1138,P_1-1-pt_1966,15.89999999999996,5624.0,0.9863086770981507
P_1-1-pt_1138,P_1-1-pt_4595,16.29999999999996,5624.0,0.9863086770981507
P_1-1-pt_1138,P_1-2_2702,1.3,5624.0,0.9863086770981507
P_1-1-pt_1138,P_1-1-pt_5392,29.50000000000015,5624.0,0.9863086770981507
P_1-1-pt_4595,P_1-2_2512,29.200000000000145,5624.0,1.0
P_1-1-pt_4595,P_1-1-pt_6368,14.599999999999964,5624.0,1.0
P_1-1-pt_4595,P_1-2_3052,9.399999999999983,5624.0,1.0
P_1-1-pt_4595,P_1-1-pt_7325,12.499999999999972,5624.0,1.0
P_1-1-pt_4595,P_1-1-pt_8137,11.799999999999974,5624.0,1.0
P_1-1-pt_4595,P_1-1-pt_8762,16.09999999999996,5624.0,1.0
P_1-1-pt_4595,P_1-1-pt_1138,16.29999999999996,5624.0,1.0
P_1-1-pt_4595,P_1-1-pt_3275,17.999999999999986,5624.0,1.0
P_1-3_3536,P_1-3_5123,14.699999999999964,5624.0,1.0
P_1-3_3536,P_1-1-pt_1121,9.199999999999983,5624.0,1.0
P_1-3_3536,P_1-2_2875,17.999999999999986,5624.0,1.0
P_1-1-pt_3353,P_1-3_2528,16.79999999999997,5621.0,1.0
P_1-1-pt_3353,P_1-2_4715,13.09999999999997,5621.0,1.0
P_1-1-pt_3353,P_1-1-pt_2770,15.69999999999996,5621.0,1.0
P_1-1-pt_3353,P_1-1-pt_6355,16.29999999999996,5621.0,1.0
P_1-1-pt_3353,P_1-2_4454,13.999999999999966,5621.0,1.0
P_1-1-pt_3353,P_1-2_3590,13.699999999999967,5621.0,1.0
P_1-1-pt_3353,P_1-1-pt_8982,15.59999999999996,5621.0,1.0
P_1-1-pt_3353,P_1-1-pt_8969,15.59999999999996,5621.0,1.0
P_1-1-pt_3353,P_1-2_4609,12.099999999999973,5621.0,1.0
P_1-1-pt_3353,P_1-2_2338,22.800000000000054,5621.0,1.0
P_1-1-veh_792,P_1-1-pt_7760,12.499999999999972,5609.0,1.0
P_1-1-veh_792,P_1-1-pt_5906,5.599999999999996,5609.0,1.0
P_1-1-veh_792,P_1-1-pt_1238,7.29999999999999,5609.0,1.0
P_1-1-veh_792,P_1-1-pt_1108,12.69999999999997,5609.0,1.0
P_1-1-veh_792,P_1-1-pt_5897,18.19999999999999,5609.0,1.0
P_1-1-veh_792,P_1-1-pt_3769,49.90000000000044,5609.0,1.0
P_1-1-veh_792,P_1-1-pt_4671,22.40000000000005,5609.0,1.0
P_1-1-veh_792,P_1-1-pt_1270,51.800000000000466,5609.0,1.0
P_1-1-veh_792,P_1-1-pt_4919,20.000000000000014,5609.0,1.0
P_1-1-veh_792,P_1-1-pt_1304,21.500000000000036,5609.0,1.0
P_1-1-veh_792,P_1-1-pt_7863,31.70000000000018,5609.0,1.0
P_1-1-veh_792,P_1-1-pt_8545,11.699999999999974,5609.0,1.0
P_1-1-veh_792,P_1-1-pt_5193,10.999999999999977,5609.0,1.0
P_1-3_2421,P_1-3_4124,27.200000000000117,5604.0,1.0
P_1-3_2421,P_1-2_4285,6.499999999999993,5604.0,1.0
P_1-2_3389,P_1-1-veh_234,15.399999999999961,5598.0,1.0
P_1-2_3389,P_1-1-pt_8682,13.699999999999967,5598.0,1.0
P_1-2_3389,P_1-1-pt_7080,14.199999999999966,5598.0,1.0
P_1-2_1017,P_1-1-pt_1296,12.199999999999973,5594.0,1.0
P_1-2_1017,P_1-3_990,18.39999999999999,5594.0,1.0
P_1-2_1017,P_1-2_1559,15.59999999999996,5594.0,1.0
P_1-2_1017,P_1-2_2564,11.299999999999976,5594.0,1.0
P_1-2_1017,P_1-2_3693,15.099999999999962,5594.0,1.0
P_1-2_3413,P_1-1-pt_1306,1953.4999999993188,5593.0,1.0
P_1-2_3413,P_1-3_5334,26.1000000000001,5593.0,1.0
P_1-2_3413,P_1-1-pt_3927,29.60000000000015,5593.0,1.0
P_1-1-pt_654,P_1-2_2543,214.89999999999208,5592.0,1.0
P_1-1-pt_654,P_1-2_2034,13.199999999999969,5592.0,1.0
P_1-1-pt_654,P_1-1-pt_1966,6.099999999999994,5592.0,1.0
P_1-1-pt_654,P_1-1-pt_3916,30.500000000000163,5592.0,1.0
P_1-2_3081,P_1-1-pt_1714,13.799999999999967,5591.0,1.0
P_1-2_3081,P_1-2_2287,15.199999999999962,5591.0,1.0
P_1-2_3081,P_1-2_4771,30.400000000000162,5591.0,1.0
P_1-2_3081,P_1-3_1785,15.199999999999962,5591.0,1.0
P_1-2_3081,P_1-1-pt_3629,28.20000000000013,5591.0,1.0
P_1-2_3081,P_1-2_5951,15.199999999999962,5591.0,1.0
P_1-3_3410,P_1-2_4634,90.79999999999912,5581.0,1.0
P_1-3_3410,P_1-3_4775,60.50000000000059,5581.0,1.0
P_1-3_3410,P_1-3_2410,14.899999999999963,5581.0,1.0
P_1-3_3410,P_1-3_3253,67.50000000000044,5581.0,1.0
P_1-3_3410,P_1-3_2018,15.59999999999996,5581.0,1.0
P_1-3_3410,P_1-3_2633,45.10000000000037,5581.0,1.0
P_1-3_3410,P_1-2_5210,15.199999999999962,5581.0,1.0
P_1-3_3410,P_1-2_573,15.199999999999962,5581.0,1.0
P_1-3_3410,P_1-3_4954,15.199999999999962,5581.0,1.0
P_1-3_3410,P_1-3_4875,132.59999999999675,5581.0,1.0
P_1-1-pt_1798,P_1-1-pt_1298,15.199999999999962,5574.0,1.0
P_1-1-pt_1798,P_1-1-pt_3571,15.99999999999996,5574.0,1.0
P_1-1-pt_1798,P_1-1-pt_1138,741.9000000001001,5574.0,1.0
P_1-1-pt_1798,P_1-1-pt_4262,16.499999999999964,5574.0,1.0
P_1-1-pt_5298,P_1-1-pt_3927,15.199999999999962,5573.0,1.0
P_1-1-pt_5298,P_1-1-pt_3571,15.399999999999961,5573.0,1.0
P_1-1-pt_5298,P_1-1-pt_7732,8.399999999999986,5573.0,1.0
P_1-1-pt_5298,P_1-1-pt_1560,29.60000000000015,5573.0,1.0
P_2-1_3119,P_1-2_2715,13.799999999999967,5570.0,1.0
P_1-3_1571,P_1-1-pt_5997,15.399999999999961,5568.0,1.0
P_1-1-pt_2952,P_1-2_5640,22.40000000000005,5567.0,0.968025866714568
P_1-1-pt_2952,P_1-1-veh_5,739.4000000000996,5567.0,0.968025866714568
P_1-1-pt_2952,P_1-2_3693,25.30000000000009,5567.0,0.968025866714568
P_1-1-pt_7948,P_1-1-pt_5258,31.100000000000172,5563.0,1.0
P_1-1-pt_7325,P_1-1-pt_3275,16.599999999999966,5555.0,1.0
P_1-1-pt_7325,P_1-1-pt_1560,16.599999999999966,5555.0,1.0
P_1-1-pt_7325,P_1-1-pt_1966,16.699999999999967,5555.0,1.0
P_1-1-pt_7325,P_1-1-pt_4595,12.499999999999972,5555.0,1.0
P_1-1-pt_7325,P_1-1-pt_5906,16.599999999999966,5555.0,1.0
P_1-1-pt_7325,P_1-1-pt_1226,16.599999999999966,5555.0,1.0
P_1-1-pt_7325,P_1-1-pt_3624,15.499999999999961,5555.0,1.0
P_1-1-pt_7325,P_1-1-pt_8137,1345.199999999872,5555.0,1.0
P_1-1-pt_7325,P_1-1-pt_6453,15.499999999999961,5555.0,1.0
P_1-1-pt_4380,P_1-1-pt_7440,15.199999999999962,5550.0,1.0
P_1-1-pt_4380,P_1-2_3702,655.5000000000805,5550.0,1.0
P_1-2_303,P_1-1-pt_776,37.80000000000027,5548.0,0.9744051910598414
P_1-2_303,P_1-1-pt_5666,8.499999999999986,5548.0,0.9744051910598414
P_1-2_303,P_1-1-pt_2880,8.499999999999986,5548.0,0.9744051910598414
P_1-2_303,P_1-1-pt_6743,8.399999999999986,5548.0,0.9744051910598414
P_1-2_303,P_1-1-pt_521,3.800000000000002,5548.0,0.9744051910598414
P_1-2_303,P_1-1-pt_4879,36.50000000000025,5548.0,0.9744051910598414
P_1-2_2215,P_1-3_4291,30.000000000000156,5539.0,1.0
P_1-2_2215,P_1-3_5020,30.500000000000163,5539.0,1.0
P_1-2_2215,P_2-1_3664,18.19999999999999,5539.0,1.0
P_1-1-veh_610,P_1-1-pt_4996,12.399999999999972,5536.0,1.0
P_1-1-veh_610,P_1-1-pt_3386,12.599999999999971,5536.0,1.0
P_1-1-veh_610,P_1-1-pt_8280,12.099999999999973,5536.0,1.0
P_1-1-veh_610,P_1-1-pt_521,12.399999999999972,5536.0,1.0
P_1-1-veh_610,P_1-1-pt_5666,13.999999999999966,5536.0,1.0
P_1-1-veh_610,P_1-1-pt_3207,12.89999999999997,5536.0,1.0
P_1-1-veh_610,P_1-1-pt_2880,16.89999999999997,5536.0,1.0
P_1-1-veh_610,P_1-1-pt_6743,19.500000000000007,5536.0,1.0
P_1-1-veh_610,P_1-1-pt_6974,13.499999999999968,5536.0,1.0
P_1-2_5765,P_1-3_2786,25.30000000000009,5532.0,1.0
P_1-1-pt_7277,P_1-1-pt_5258,15.79999999999996,5531.0,1.0
P_1-1-pt_7277,P_1-1-pt_3931,14.599999999999964,5531.0,1.0
P_1-1-pt_7277,P_2-1_5552,37.10000000000026,5531.0,1.0
P_1-1-pt_7277,P_1-1-pt_6381,15.399999999999961,5531.0,1.0
P_1-1-pt_8137,P_1-1-pt_3275,16.699999999999967,5526.0,1.0
P_1-1-pt_8137,P_1-1-pt_1560,16.89999999999997,5526.0,1.0
P_1-1-pt_8137,P_1-1-pt_1966,16.599999999999966,5526.0,1.0
P_1-1-pt_8137,P_1-1-pt_4595,11.799999999999974,5526.0,1.0
P_1-1-pt_8137,P_1-1-pt_5906,16.499999999999964,5526.0,1.0
P_1-1-pt_8137,P_1-1-pt_1226,16.599999999999966,5526.0,1.0
P_1-1-pt_8137,P_1-1-pt_3624,14.799999999999963,5526.0,1.0
P_1-1-pt_8137,P_1-1-pt_7325,1345.199999999872,5526.0,1.0
P_1-1-pt_8137,P_1-1-pt_1108,16.699999999999967,5526.0,1.0
P_1-1-pt_8137,P_1-1-veh_105,23.000000000000057,5526.0,1.0
P_1-1-pt_8137,P_1-2_1203,24.900000000000084,5526.0,1.0
P_1-1-pt_8137,P_1-2_2554,23.20000000000006,5526.0,1.0
P_1-1-pt_8137,P_1-1-pt_6389,16.699999999999967,5526.0,1.0
P_1-1-pt_6389,P_1-1-pt_3512,287.79999999999694,5520.0,1.0
P_1-1-pt_6389,P_1-1-pt_1226,20.900000000000027,5520.0,1.0
P_1-1-pt_6389,P_1-1-pt_8137,16.699999999999967,5520.0,1.0
P_1-1-pt_6389,P_1-1-pt_1108,2.3000000000000007,5520.0,1.0
P_1-3_2786,P_1-1-pt_5139,7.29999999999999,5518.0,1.0
P_1-3_2786,P_2-1_5067,6.499999999999993,5518.0,1.0
P_1-3_2786,P_1-2_5765,25.30000000000009,5518.0,1.0
P_1-1-pt_5913,P_1-1-pt_3595,37.20000000000026,5514.0,1.0
P_1-1-pt_7208,P_1-1-veh_234,9.499999999999982,5511.0,1.0
P_1-1-pt_7208,P_1-1-pt_5078,16.599999999999966,5511.0,1.0
P_1-1-pt_7208,P_1-1-pt_761,16.599999999999966,5511.0,1.0
P_1-1-pt_7208,P_1-1-pt_571,18.499999999999993,5511.0,1.0
P_1-1-pt_7208,P_1-1-pt_3230,18.29999999999999,5511.0,1.0
P_1-1-pt_7208,P_1-1-pt_4736,18.39999999999999,5511.0,1.0
P_2-1_2987,P_1-1-pt_2342,9.499999999999982,5511.0,1.0
P_2-1_2987,P_1-3_80,15.199999999999962,5511.0,1.0
P_2-1_2911,P_1-1-pt_2425,1065.6000000001263,5508.0,1.0
P_2-1_2911,P_1-1-pt_1601,13.299999999999969,5508.0,1.0
P_1-1-veh_5,P_1-2_5640,15.499999999999961,5507.0,0.9769384419829308
P_1-1-veh_5,P_1-1-pt_2952,739.4000000000996,5507.0,0.9769384419829308
P_1-1-veh_5,P_1-2_3693,26.900000000000112,5507.0,0.9769384419829308
P_1-2_671,P_1-2_1559,56.50000000000053,5507.0,1.0
P_1-2_671,P_1-1-pt_3512,2106.7999999991794,5507.0,1.0
P_1-1-pt_3916,P_1-1-pt_6176,18.39999999999999,5504.0,1.0
P_1-1-pt_3916,P_1-1-pt_297,17.49999999999998,5504.0,1.0
P_1-1-pt_3916,P_1-1-pt_761,16.79999999999997,5504.0,1.0
P_1-1-pt_3916,P_1-1-pt_3097,16.99999999999997,5504.0,1.0
P_1-1-pt_3916,P_1-1-pt_6031,20.30000000000002,5504.0,1.0
P_1-1-pt_3916,P_1-1-pt_255,16.599999999999966,5504.0,1.0
P_1-1-pt_3916,P_1-1-pt_1108,16.399999999999963,5504.0,1.0
P_1-1-pt_3916,P_1-1-pt_494,16.499999999999964,5504.0,1.0
P_1-1-pt_3916,P_1-1-pt_2162,16.499999999999964,5504.0,1.0
P_1-1-pt_3916,P_1-1-pt_5897,16.499999999999964,5504.0,1.0
P_1-1-pt_3916,P_1-1-pt_3769,16.599999999999966,5504.0,1.0
P_1-1-pt_3916,P_1-1-pt_4671,16.699999999999967,5504.0,1.0
P_1-1-pt_3916,P_1-1-pt_1270,16.399999999999963,5504.0,1.0
P_1-1-pt_3916,P_1-1-pt_4919,16.699999999999967,5504.0,1.0
P_1-1-pt_3916,P_1-1-pt_1304,16.599999999999966,5504.0,1.0
P_1-1-pt_3916,P_1-1-pt_8545,16.499999999999964,5504.0,1.0
P_1-1-pt_3916,P_1-1-pt_654,30.500000000000163,5504.0,1.0
P_1-3_2633,P_1-2_4634,45.10000000000037,5500.0,1.0
P_1-3_2633,P_1-3_4775,45.00000000000037,5500.0,1.0
P_1-3_2633,P_1-3_2410,14.999999999999963,5500.0,1.0
P_1-3_2633,P_1-3_3253,52.500000000000476,5500.0,1.0
P_1-3_2633,P_1-3_2018,15.199999999999962,5500.0,1.0
P_1-3_2633,P_1-2_5210,35.10000000000023,5500.0,1.0
P_1-3_2633,P_1-2_573,32.20000000000019,5500.0,1.0
P_1-3_2633,P_1-3_4954,34.800000000000225,5500.0,1.0
P_1-3_2633,P_1-3_4875,35.40000000000023,5500.0,1.0
P_1-3_2633,P_1-3_3410,45.10000000000037,5500.0,1.0
P_1-2_2338,P_1-1-pt_3931,22.50000000000005,5498.0,1.0
P_1-2_2338,P_2-1_5067,26.600000000000108,5498.0,1.0
P_1-2_2338,P_1-1-pt_3353,22.800000000000054,5498.0,1.0
P_1-2_171,P_1-2_4285,369.5000000000155,5485.0,1.0
P_1-2_171,P_1-3_5117,66.10000000000052,5485.0,1.0
P_1-2_171,P_1-3_4124,8.799999999999985,5485.0,1.0
P_1-3_5550,P_1-1-pt_1601,14.299999999999965,5472.0,1.0
P_2-1_2161,P_1-2_4734,61.0000000000006,5470.0,1.0
P_2-1_2161,P_1-2_4206,61.2000000000006,5470.0,1.0
P_2-1_2161,P_1-3_1500,61.0000000000006,5470.0,1.0
P_2-1_2161,P_1-3_3901,61.0000000000006,5470.0,1.0
P_2-1_2161,P_1-2_1420,61.2000000000006,5470.0,1.0
P_2-1_2161,P_1-3_228,60.900000000000595,5470.0,1.0
P_2-1_2161,P_1-3_3776,45.90000000000038,5470.0,1.0
P_2-1_2161,P_1-3_874,45.80000000000038,5470.0,1.0
P_2-1_2161,P_1-3_2454,30.400000000000162,5470.0,1.0
P_2-1_2161,P_1-3_3834,30.400000000000162,5470.0,1.0
P_2-1_2161,P_1-2_3280,15.399999999999961,5470.0,1.0
P_2-1_2161,P_1-3_3046,15.299999999999962,5470.0,1.0
P_2-1_2161,P_1-3_3457,15.299999999999962,5470.0,1.0
P_2-1_2161,P_1-3_4168,15.299999999999962,5470.0,1.0
P_2-1_2161,P_1-3_2053,15.299999999999962,5470.0,1.0
P_2-1_4788,P_1-2_4853,21.90000000000004,5470.0,1.0
P_2-1_4788,P_2-1_6130,15.199999999999962,5470.0,1.0
P_1-3_2482,P_1-2_1025,23.90000000000007,5462.0,1.0
P_1-1-pt_2503,P_1-2_1255,16.79999999999997,5459.0,1.0
P_1-1-pt_1497,P_1-1-pt_6974,71.60000000000021,5453.0,1.0
P_1-1-pt_1497,P_1-1-pt_3671,95.29999999999886,5453.0,1.0
P_1-1-pt_1497,P_1-1-pt_5167,173.8999999999944,5453.0,1.0
P_1-1-pt_1497,P_1-1-pt_1747,95.79999999999883,5453.0,1.0
P_1-1-pt_1497,P_1-1-pt_98,159.6999999999952,5453.0,1.0
P_1-1-pt_1497,P_1-1-pt_4736,44.40000000000036,5453.0,1.0
P_1-1-pt_1497,P_1-1-pt_521,90.69999999999912,5453.0,1.0
P_1-1-pt_1497,P_1-1-pt_5666,68.40000000000039,5453.0,1.0
P_1-1-pt_1497,P_1-1-pt_2920,15.399999999999961,5453.0,1.0
P_1-1-pt_1497,P_1-1-pt_2369,33.3000000000002,5453.0,1.0
P_1-1-pt_1497,P_1-1-pt_2013,16.699999999999967,5453.0,1.0
P_1-1-pt_1497,P_1-1-pt_3858,16.09999999999996,5453.0,1.0
P_1-1-pt_1497,P_1-1-pt_2880,14.699999999999964,5453.0,1.0
P_1-2_4285,P_1-2_171,369.5000000000155,5448.0,1.0
P_1-2_4285,P_1-3_4124,15.59999999999996,5448.0,1.0
P_1-2_4285,P_1-3_2421,6.499999999999993,5448.0,1.0
P_1-1-pt_498,P_1-3_743,12.499999999999972,5446.0,1.0
P_1-1-pt_498,P_1-3_2599,12.599999999999971,5446.0,1.0
P_1-1-pt_498,P_1-2_5745,12.499999999999972,5446.0,1.0
P_1-1-pt_498,P_1-1-pt_8735,15.499999999999961,5446.0,1.0
P_1-1-pt_498,P_1-1-pt_1723,904.4000000001371,5446.0,1.0
P_1-1-pt_498,P_1-2_4266,12.399999999999972,5446.0,1.0
P_1-1-pt_498,P_1-3_1535,12.399999999999972,5446.0,1.0
P_1-1-pt_498,P_1-1-pt_2032,15.59999999999996,5446.0,1.0
P_1-1-pt_498,P_1-2_609,12.399999999999972,5446.0,1.0
P_1-1-pt_498,P_1-2_2598,11.199999999999976,5446.0,1.0
P_1-1-pt_498,P_1-2_5437,12.499999999999972,5446.0,1.0
P_1-1-pt_498,P_1-2_4270,12.599999999999971,5446.0,1.0
P_1-3_3755,P_1-1-pt_5115,9.399999999999983,5442.0,0.9773980154355016
P_1-3_3755,P_1-1-pt_6368,14.699999999999964,5442.0,0.9773980154355016
P_1-3_3755,P_1-1-pt_1306,30.20000000000016,5442.0,0.9773980154355016
P_1-3_3755,P_1-2_3052,15.299999999999962,5442.0,0.9773980154355016
P_1-3_2745,P_1-2_960,15.199999999999962,5441.0,1.0
P_1-3_2745,P_1-2_1265,15.099999999999962,5441.0,1.0
P_1-1-pt_1723,P_1-3_743,229.99999999999122,5437.0,1.0
P_1-1-pt_1723,P_1-3_2599,12.399999999999972,5437.0,1.0
P_1-1-pt_1723,P_1-2_5745,12.199999999999973,5437.0,1.0
P_1-1-pt_1723,P_1-1-pt_498,904.4000000001371,5437.0,1.0
P_1-1-pt_1723,P_1-2_4266,13.899999999999967,5437.0,1.0
P_1-1-pt_1723,P_1-1-pt_8735,198.699999999993,5437.0,1.0
P_1-1-pt_1723,P_1-3_3076,12.299999999999972,5437.0,1.0
P_1-1-pt_1723,P_1-1-pt_182,31.500000000000178,5437.0,1.0
P_1-1-pt_1723,P_1-3_4289,12.499999999999972,5437.0,1.0
P_1-1-pt_1723,P_1-1-pt_8184,31.100000000000172,5437.0,1.0
P_1-1-pt_4901,P_2-1_2384,24.60000000000008,5436.0,1.0
P_1-1-pt_4901,P_1-1-pt_5078,33.80000000000021,5436.0,1.0
P_1-1-pt_4901,P_1-1-pt_8682,15.79999999999996,5436.0,1.0
P_1-1-pt_4901,P_1-2_1596,7.899999999999988,5436.0,1.0
P_1-1-pt_4901,P_1-1-veh_234,9.599999999999982,5436.0,1.0
P_1-1-pt_4901,P_1-2_505,58.40000000000056,5436.0,1.0
P_1-1-pt_4901,P_1-1-pt_150,40.90000000000031,5436.0,1.0
P_1-1-pt_4919,P_1-1-pt_1270,42.30000000000033,5432.0,1.0
P_1-1-pt_4919,P_1-1-pt_3275,16.29999999999996,5432.0,1.0
P_1-1-pt_4919,P_1-1-pt_1560,16.599999999999966,5432.0,1.0
P_1-1-pt_4919,P_1-1-pt_1966,15.399999999999961,5432.0,1.0
P_1-1-pt_4919,P_1-1-pt_5906,16.499999999999964,5432.0,1.0
P_1-1-pt_4919,P_1-1-pt_1238,15.69999999999996,5432.0,1.0
P_1-1-pt_4919,P_1-1-pt_3916,16.699999999999967,5432.0,1.0
P_1-1-pt_4919,P_1-1-pt_1108,16.599999999999966,5432.0,1.0
P_1-1-pt_4919,P_1-1-pt_1226,16.599999999999966,5432.0,1.0
P_1-1-pt_4919,P_1-1-pt_3624,15.79999999999996,5432.0,1.0
P_1-1-pt_4919,P_1-1-veh_792,20.000000000000014,5432.0,1.0
P_1-1-pt_4919,P_1-1-pt_1473,17.999999999999986,5432.0,1.0
P_1-1-pt_4919,P_1-1-pt_6297,18.9,5432.0,1.0
P_1-1-pt_4919,P_1-1-pt_3769,16.399999999999963,5432.0,1.0
P_1-1-pt_4919,P_1-1-pt_6031,17.099999999999973,5432.0,1.0
P_1-1-pt_4919,P_1-2_1255,16.09999999999996,5432.0,1.0
P_1-3_4587,P_1-2_5092,11.399999999999975,5425.0,1.0
P_1-3_4587,P_1-3_5354,15.099999999999962,5425.0,1.0
P_1-3_4587,P_1-3_2076,14.999999999999963,5425.0,1.0
P_1-3_4587,P_1-2_5020,11.299999999999976,5425.0,1.0
P_1-3_4587,P_1-2_3077,12.299999999999972,5425.0,1.0
P_1-1-pt_3512,P_1-1-pt_6389,287.79999999999694,5421.0,1.0
P_1-1-pt_3512,P_1-1-pt_4262,15.59999999999996,5421.0,1.0
P_1-1-pt_3512,P_1-2_671,2106.7999999991794,5421.0,1.0
P_2-1_5067,P_1-3_2786,6.499999999999993,5421.0,1.0
P_2-1_5067,P_1-3_5475,25.30000000000009,5421.0,1.0
P_2-1_5067,P_1-2_4609,27.100000000000115,5421.0,1.0
P_2-1_5067,P_1-2_2338,26.600000000000108,5421.0,1.0
P_2-1_5067,P_1-3_2171,11.299999999999976,5421.0,1.0
P_2-1_2486,P_2-1_5001,62.200000000000614,5420.0,1.0
P_2-1_2486,P_2-1_3601,46.40000000000039,5420.0,1.0
P_1-2_4464,P_1-1-pt_7080,26.500000000000107,5418.0,1.0
P_1-2_4464,P_1-3_17,11.299999999999976,5418.0,1.0
P_1-2_4464,P_1-3_3579,13.899999999999967,5418.0,1.0
P_1-3_1535,P_1-1-pt_498,12.399999999999972,5417.0,1.0
P_2-1_499,P_1-2_4853,15.199999999999962,5415.0,1.0
P_2-1_499,P_2-1_6130,15.199999999999962,5415.0,1.0
P_2-1_1724,P_1-2_3702,4.6,5414.0,1.0
P_1-1-pt_1226,P_1-1-pt_7142,23.000000000000057,5413.0,1.0
P_1-1-pt_1226,P_1-2_5951,12.399999999999972,5413.0,1.0
P_1-1-pt_1226,P_1-1-pt_6297,15.69999999999996,5413.0,1.0
P_1-1-pt_1226,P_1-1-pt_5199,16.699999999999967,5413.0,1.0
P_1-1-pt_1226,P_1-1-pt_6931,19.70000000000001,5413.0,1.0
P_1-1-pt_1226,P_1-1-pt_6031,16.499999999999964,5413.0,1.0
P_1-1-pt_1226,P_1-1-pt_255,16.79999999999997,5413.0,1.0
P_1-1-pt_1226,P_1-1-pt_1108,55.00000000000051,5413.0,1.0
P_1-1-pt_1226,P_1-1-pt_494,16.499999999999964,5413.0,1.0
P_1-1-pt_1226,P_1-1-pt_2162,16.399999999999963,5413.0,1.0
P_1-1-pt_1226,P_1-1-pt_5897,16.399999999999963,5413.0,1.0
P_1-1-pt_1226,P_1-1-pt_3769,16.29999999999996,5413.0,1.0
P_1-1-pt_1226,P_1-1-pt_4671,16.699999999999967,5413.0,1.0
P_1-1-pt_1226,P_1-1-pt_1270,16.399999999999963,5413.0,1.0
P_1-1-pt_1226,P_1-1-pt_4919,16.599999999999966,5413.0,1.0
P_1-1-pt_1226,P_1-1-pt_1304,16.499999999999964,5413.0,1.0
P_1-1-pt_1226,P_1-1-veh_105,5.1999999999999975,5413.0,1.0
P_1-1-pt_1226,P_1-1-pt_7863,16.599999999999966,5413.0,1.0
P_1-1-pt_1226,P_1-1-pt_8545,16.29999999999996,5413.0,1.0
P_1-1-pt_1226,P_1-1-pt_5193,16.29999999999996,5413.0,1.0
P_1-1-pt_1226,P_1-1-pt_7325,16.599999999999966,5413.0,1.0
P_1-1-pt_1226,P_1-1-pt_8137,16.599999999999966,5413.0,1.0
P_1-1-pt_1226,P_1-1-pt_6389,20.900000000000027,5413.0,1.0
P_1-1-veh_530,P_1-1-pt_8289,14.799999999999963,5410.0,1.0
P_1-1-veh_530,P_1-2_5753,16.499999999999964,5410.0,1.0
P_1-2_568,P_1-2_5640,22.60000000000005,5400.0,1.0
P_1-2_568,P_1-2_3693,18.699999999999996,5400.0,1.0
P_1-2_568,P_1-1-pt_5241,1576.9999999996612,5400.0,1.0
P_1-2_2345,P_1-1-pt_7732,12.69999999999997,5395.0,1.0
P_1-2_2345,P_1-1-pt_5115,11.599999999999975,5395.0,1.0
P_1-2_2345,P_1-1-pt_1037,14.099999999999966,5395.0,1.0
P_1-2_2345,P_1-1-pt_5324,14.099999999999966,5395.0,1.0
P_1-2_2345,P_2-1_2045,26.600000000000108,5395.0,1.0
P_1-2_149,P_1-1-pt_5942,1881.0999999993846,5388.0,1.0
P_1-1-pt_5942,P_1-2_149,1881.0999999993846,5385.0,1.0
P_1-1-pt_5942,P_1-1-pt_3275,16.99999999999997,5385.0,1.0
P_2-1_4267,P_2-1_3390,21.90000000000004,5382.0,1.0
P_2-1_4267,P_1-1-pt_5999,9.299999999999983,5382.0,1.0
P_2-1_4267,P_1-2_4940,2.0000000000000004,5382.0,1.0
P_1-1-pt_3931,P_1-1-pt_7277,14.599999999999964,5378.0,1.0
P_1-1-pt_3931,P_1-2_3214,27.40000000000012,5378.0,1.0
P_1-1-pt_3931,P_1-1-pt_2770,14.999999999999963,5378.0,1.0
P_1-1-pt_3931,P_1-1-pt_6355,15.59999999999996,5378.0,1.0
P_1-1-pt_3931,P_1-2_4454,12.99999999999997,5378.0,1.0
P_1-1-pt_3931,P_1-2_3590,12.89999999999997,5378.0,1.0
P_1-1-pt_3931,P_1-1-pt_8982,15.499999999999961,5378.0,1.0
P_1-1-pt_3931,P_1-1-pt_2863,15.69999999999996,5378.0,1.0
P_1-1-pt_3931,P_1-1-pt_8969,14.199999999999966,5378.0,1.0
P_1-1-pt_3931,P_1-2_4609,24.300000000000075,5378.0,1.0
P_1-1-pt_3931,P_1-2_2338,22.50000000000005,5378.0,1.0
P_1-1-pt_3931,P_1-3_1604,21.70000000000004,5378.0,1.0
P_1-1-pt_3931,P_1-1-pt_2431,27.600000000000122,5378.0,1.0
P_1-1-pt_3931,P_1-2_4329,17.49999999999998,5378.0,1.0
P_1-2_5543,P_1-1-pt_6974,15.399999999999961,5376.0,1.0
P_1-1-pt_8830,P_1-1-pt_2529,47.400000000000404,5373.0,1.0
P_1-1-pt_8830,P_1-1-pt_6931,15.499999999999961,5373.0,1.0
P_1-2_4019,P_1-1-pt_5115,12.299999999999972,5373.0,1.0
